1,0,2,23,12,47,240,206,224,236,254,253,190,104,75,47,29,16,0,0,43,69,68,65,105,192,211,224,177,110,142,47,76,14,101,16,189,106,137,174,195,217,254,216,231,239,254,250,185,31,15,10,0,12,83,109,104,90,91,77,0,92,95,112,114,140,254,115,121,134,122,134,254
1,21,0,1,22,39,55,153,170,192,213,229,254,122,107,85,56,33,0,6,2,1,3,0,0,133,152,168,167,149,152,20,51,82,111,87,223,78,88,123,172,208,254,165,183,202,219,232,254,51,29,18,16,13,0,93,82,63,39,0,0,80,29,9,0,141,29,49,56,64,74,114,0
1,16,37,50,52,47,0,183,204,222,239,254,237,93,62,38,16,0,44,0,9,17,25,36,44,162,164,156,164,165,48,47,78,52,115,165,250,88,150,186,228,254,48,193,209,222,239,254,215,52,57,56,53,48,0,106,101,90,92,91,0,94,98,134,161,171,254,103,105,117,109,104,254
1,0,31,42,22,37,97,209,218,227,254,231,135,56,31,14,2,0,11,12,11,9,0,12,55,200,188,160,144,114,67,70,82,97,52,150,207,173,193,207,245,254,193,216,224,232,254,240,175,34,32,27,0,6,67,72,55,38,18,0,4,90,134,153,191,241,254,81,95,102,63,105,254
1,0,22,40,44,25,3,220,234,246,254,248,232,53,32,12,0,3,25,12,20,37,50,24,0,192,185,196,193,86,236,99,80,159,180,38,183,174,199,237,254,174,72,225,234,246,254,233,196,53,51,54,50,21,0,94,83,85,83,37,0,113,129,132,141,200,254,114,123,114,113,182,254
1,0,32,43,32,26,43,205,217,230,254,246,179,63,39,18,0,0,32,0,18,38,50,76,129,208,206,189,169,146,123,138,159,142,70,108,109,181,236,254,185,118,144,224,238,249,254,236,192,70,74,64,20,0,55,104,114,107,42,0,58,124,110,119,197,254,196,93,97,109,151,211,254
1,0,16,37,49,46,34,174,188,202,217,236,254,38,17,3,2,0,4,0,4,15,29,36,37,144,144,132,117,113,117,10,40,56,52,129,196,94,141,190,223,243,254,182,193,204,215,235,254,0,6,18,29,30,27,31,30,21,0,20,29,63,66,129,254,250,169,62,58,65,85,41,0
1,0,7,17,20,51,100,200,213,226,254,238,155,61,32,3,0,13,26,0,32,66,71,104,183,156,176,178,157,139,152,103,142,144,162,204,17,149,209,250,105,0,120,218,234,247,254,227,169,57,59,56,7,0,83,103,111,110,34,0,95,91,99,109,185,254,220,15,61,105,42,66,254
1,9,26,33,32,23,0,196,211,225,241,254,246,38,20,10,1,0,23,0,2,11,26,46,72,180,170,145,149,147,8,66,86,82,197,227,96,164,200,220,246,254,161,201,212,222,240,254,227,8,7,6,3,0,3,82,74,64,68,67,0,111,127,144,138,144,254,113,115,125,107,106,254
1,14,24,30,24,7,0,171,185,200,218,237,254,10,0,0,7,10,8,0,7,22,38,42,41,138,115,99,101,105,103,230,10,34,36,89,137,148,183,209,221,233,254,174,186,200,215,236,254,0,3,9,12,12,16,17,22,20,0,13,20,23,49,116,233,157,0,45,37,48,78,39,0
1,30,28,35,37,26,0,247,254,253,239,205,188,117,95,58,34,0,40,35,24,0,2,79,15,143,139,132,121,96,126,64,69,23,234,9,85,102,111,123,98,125,0,247,254,250,229,249,197,125,113,93,73,12,0,69,55,11,4,0,111,121,124,127,97,254,91,144,157,203,254,182,102
1,23,14,17,13,0,47,190,208,223,236,254,156,84,98,96,64,0,11,64,28,7,0,2,60,105,103,101,108,123,68,234,3,8,23,114,254,65,77,96,109,124,0,196,215,227,240,254,157,14,64,94,66,0,40,89,59,35,20,8,0,136,115,103,101,147,0,123,122,121,121,117,254
1,3,0,4,11,37,21,194,207,221,235,254,194,125,113,96,70,22,0,10,3,0,7,24,245,120,135,152,170,172,108,251,17,36,47,46,123,0,13,40,79,146,61,203,215,226,237,248,254,59,53,45,35,0,21,70,61,53,49,38,0,129,124,122,118,62,254,120,122,125,127,138,254
1,51,41,26,9,0,34,194,207,223,241,254,226,132,153,158,147,133,254,49,41,45,59,74,254,91,102,113,125,137,173,183,202,220,223,201,1,47,36,23,12,16,0,197,210,226,243,254,188,101,113,108,88,67,0,11,3,4,5,0,127,159,157,150,140,126,254,119,120,122,126,135,254
1,35,5,0,10,22,23,157,172,191,213,235,254,91,89,85,69,41,0,25,20,20,24,28,0,89,101,120,139,154,153,201,224,246,6,24,114,21,0,16,56,99,126,167,183,200,218,236,254,18,0,4,15,15,21,71,60,54,45,27,0,254,136,76,72,113,165,16,29,52,77,106,0
1,54,49,52,53,49,0,206,216,229,242,254,225,0,12,20,29,33,49,11,3,0,1,7,86,114,125,124,126,110,166,243,15,30,45,22,99,92,93,100,106,112,0,196,205,213,222,229,254,18,30,44,56,26,254,64,55,46,39,0,17,129,129,128,127,106,254,116,120,123,127,139,254
1,34,29,20,8,0,1,207,217,225,234,241,254,0,13,26,41,49,83,28,22,13,2,0,64,108,106,103,107,108,58,234,244,247,15,17,236,56,54,44,27,21,254,217,227,236,246,254,242,11,24,33,40,42,0,112,110,106,103,98,0,193,209,216,225,224,0,122,123,125,127,131,254
1,9,1,0,7,17,40,182,202,220,239,254,166,124,191,219,233,226,254,9,0,2,15,26,54,59,73,97,121,147,187,204,254,14,35,41,124,3,0,8,30,21,17,198,217,233,249,254,164,31,126,180,228,254,173,9,4,0,7,108,14,159,150,141,126,139,0,56,58,71,88,0,150
1,74,68,73,80,82,0,182,198,218,237,254,132,72,49,27,10,0,158,18,7,0,8,25,217,119,133,136,132,123,203,204,227,246,11,10,153,93,95,108,121,128,0,193,209,225,240,254,146,18,0,2,12,17,0,93,85,78,77,71,0,145,131,121,121,133,254,116,118,119,121,128,254
1,53,32,12,0,0,17,197,212,223,238,254,204,254,235,193,142,55,86,13,0,0,0,12,179,97,105,110,122,144,105,201,227,238,4,250,255,50,27,13,16,37,0,198,213,226,240,254,237,148,121,95,72,48,0,86,84,83,82,78,0,196,181,119,53,0,125,118,116,117,119,126,254
1,0,13,30,43,74,65,225,243,254,245,228,176,212,200,148,93,52,0,0,15,23,44,62,64,143,157,175,180,179,238,95,92,27,214,160,251,51,91,128,140,254,133,231,246,250,238,254,181,177,195,170,127,164,0,79,65,27,22,0,79,125,127,128,116,254,111,96,125,200,254,74,62
1,77,85,93,100,0,121,210,228,243,254,117,196,63,44,24,0,212,108,44,54,67,79,164,0,163,171,170,157,197,111,9,10,251,201,45,139,115,131,144,154,0,172,221,236,247,254,134,219,54,55,53,37,0,139,68,57,39,0,93,152,119,118,131,166,0,242,113,120,133,162,195,0
1,2,0,16,26,9,27,201,216,233,246,254,184,53,30,12,3,0,89,25,20,22,31,0,54,125,135,127,108,88,154,216,232,248,252,47,19,0,28,90,122,91,0,209,222,233,243,254,186,18,2,4,7,0,45,48,33,22,15,0,111,43,27,12,64,0,211,105,113,121,125,84,0
1,12,9,5,2,0,11,219,229,239,250,254,225,91,68,46,18,0,41,4,5,0,4,1,206,138,148,149,142,138,52,245,3,15,17,60,30,28,58,82,114,131,0,224,234,243,252,254,235,77,57,38,15,0,0,41,38,24,6,0,40,56,73,98,123,111,254,123,124,127,132,124,254
1,38,46,57,64,61,0,212,225,236,247,254,129,69,46,26,10,0,99,1,0,7,26,61,155,150,158,153,138,116,207,253,5,13,10,239,148,106,120,134,145,146,0,223,233,242,249,254,138,45,32,23,15,0,11,40,27,20,12,0,64,0,14,40,107,253,12,116,121,127,139,161,254
1,16,4,0,2,8,43,201,215,229,242,254,190,134,127,129,130,110,254,49,45,48,57,69,0,118,116,120,123,130,123,196,212,229,232,253,55,3,0,7,26,62,44,206,220,232,242,254,223,4,0,21,50,100,5,78,73,69,66,63,0,136,137,132,129,140,0,121,122,125,127,124,254
1,29,38,41,38,30,0,217,233,245,253,254,192,50,35,19,7,0,41,0,1,5,14,20,129,141,139,137,129,116,217,1,6,5,3,3,237,0,60,94,100,26,32,225,237,247,254,252,205,30,30,22,11,0,7,97,92,87,85,102,0,119,122,132,135,147,0,118,122,126,131,119,254
1,45,42,35,36,44,0,208,225,240,250,254,184,44,33,21,11,0,60,0,13,27,38,51,188,120,127,133,141,151,211,13,19,24,24,14,105,64,78,86,109,152,0,208,222,235,245,254,198,17,12,5,2,0,13,88,87,83,73,62,0,125,127,128,139,172,254,114,119,126,132,129,254
1,0,5,13,18,16,37,196,214,233,248,254,136,0,19,37,52,67,135,4,0,5,29,72,158,92,97,98,103,111,21,218,242,7,248,205,157,53,67,83,95,99,0,212,227,242,252,254,130,0,26,54,73,76,78,35,25,15,4,0,139,114,116,109,131,149,0,37,50,75,141,247,254
1,21,6,0,2,6,11,171,182,196,213,233,254,54,47,39,29,17,0,12,6,1,1,0,9,97,105,112,119,122,124,179,200,223,245,12,23,7,0,12,39,74,110,181,193,206,220,237,254,10,0,0,4,10,12,49,42,33,24,11,0,254,134,81,40,40,61,0,11,29,46,69,104
2,208,212,216,218,197,254,4,1,0,5,36,1,251,250,254,250,194,183,243,250,254,249,149,108,170,170,169,171,167,147,161,181,210,252,11,45,126,126,148,200,0,100,28,25,27,35,25,0,245,249,253,254,231,250,141,139,146,152,28,0,132,134,127,119,224,254,177,182,178,172,222,254
2,250,254,253,252,248,238,2,0,5,14,31,72,242,253,254,247,238,208,253,254,239,237,228,77,163,170,176,186,188,133,179,210,245,40,83,2,15,2,0,59,139,24,0,0,6,18,35,45,247,252,254,248,238,249,235,235,254,248,193,66,248,252,192,169,190,0,173,172,173,165,164,254
2,179,177,181,180,193,254,21,28,36,60,67,0,240,254,250,248,197,36,254,248,238,218,164,67,165,171,176,199,196,98,237,26,55,123,133,166,110,110,130,155,193,254,0,9,20,42,49,0,203,203,210,209,213,254,135,139,133,133,106,0,168,153,122,93,125,254,164,161,170,165,176,254
2,234,236,235,233,244,254,0,2,9,21,37,52,254,247,235,211,188,176,254,237,222,223,152,11,185,190,196,218,198,128,243,15,63,163,86,103,45,65,109,189,254,222,0,2,10,25,28,14,254,253,248,237,233,232,124,119,119,134,92,0,254,165,44,35,84,117,160,161,160,144,179,254
2,227,235,240,246,249,254,2,1,0,1,7,31,237,245,253,254,248,233,254,248,242,228,216,225,167,174,184,191,196,211,184,210,253,25,57,196,0,9,17,39,75,181,1,0,0,2,8,32,233,242,248,252,254,253,168,104,79,52,55,254,222,254,250,241,212,115,219,245,254,253,248,195
2,179,180,184,185,204,254,23,28,33,52,59,0,204,223,241,254,239,195,254,249,235,216,149,16,141,147,159,181,181,122,201,241,10,108,81,208,89,87,102,134,196,254,9,16,25,43,48,0,194,202,213,219,230,254,138,138,130,133,103,0,186,200,168,124,148,254,157,159,166,159,176,254
2,201,203,218,238,254,209,16,19,33,31,5,0,237,254,250,250,213,172,254,251,251,72,20,95,160,170,199,162,160,203,248,31,165,35,74,30,0,2,123,150,165,91,27,32,44,27,0,10,228,238,252,254,244,199,126,124,136,10,0,104,230,177,96,150,254,164,167,173,162,254,229,113
2,203,211,217,228,242,254,0,0,6,24,56,78,225,245,254,247,213,136,199,201,196,197,143,0,147,143,146,165,164,109,171,178,215,13,251,151,116,124,139,202,254,207,0,0,10,29,45,28,214,226,235,245,254,252,147,134,163,165,89,0,169,185,90,0,25,125,148,152,150,137,164,254
2,224,231,228,234,228,254,0,0,1,3,21,26,254,235,219,204,196,182,254,250,243,230,222,197,193,201,201,197,206,190,192,219,254,39,79,137,49,69,73,83,143,254,3,4,7,0,42,89,243,239,231,228,229,254,131,126,123,137,88,0,127,129,131,156,85,0,167,169,169,205,116,0
2,238,244,249,254,246,241,1,0,1,4,19,39,254,250,247,244,222,182,250,243,241,254,195,66,186,187,189,196,186,158,196,215,254,53,65,34,27,39,67,138,113,0,1,0,2,11,16,8,246,248,252,254,245,233,149,101,117,104,117,0,160,164,154,130,156,254,175,180,177,165,190,254
2,246,254,248,236,191,161,45,48,57,73,0,25,248,254,250,249,157,87,254,249,233,215,150,122,177,184,191,196,178,195,214,251,39,97,42,168,132,135,139,254,101,110,37,40,52,142,0,31,247,254,249,193,119,75,141,142,137,0,106,127,131,128,134,254,56,105,201,201,203,157,254,157
2,218,228,227,220,254,176,46,42,40,45,0,15,254,246,233,186,166,117,254,248,229,69,161,68,186,191,190,174,185,179,180,191,214,178,178,172,77,85,66,254,80,14,38,34,24,85,0,9,254,248,232,219,148,87,160,153,157,0,77,125,124,118,108,37,0,6,223,233,254,121,203,189
2,201,209,209,208,254,205,44,40,37,38,0,2,249,250,254,240,223,167,254,253,242,149,129,93,187,182,179,168,144,137,173,178,194,199,83,135,108,110,92,254,125,73,39,35,22,104,0,5,222,226,224,254,184,123,156,151,159,0,74,109,143,163,155,170,0,121,215,226,254,43,214,106
2,220,227,225,227,245,254,31,31,32,33,27,0,254,243,246,253,239,131,247,251,254,250,185,224,203,196,190,191,200,178,219,226,247,254,194,85,74,119,114,133,254,190,31,31,31,32,30,0,247,245,247,254,240,144,230,228,238,229,41,0,132,172,187,176,138,0,212,219,226,235,254,202
2,226,225,231,247,254,199,42,41,42,57,0,6,251,254,253,228,166,114,230,228,220,254,67,112,172,173,180,206,173,157,180,196,216,198,135,114,97,97,113,178,87,0,39,38,38,55,0,8,248,250,254,246,155,95,184,175,158,48,0,100,153,149,130,28,0,106,191,201,210,254,221,141
2,234,238,243,246,245,254,15,9,4,1,0,4,250,254,253,252,249,233,250,254,252,248,230,110,173,180,184,184,189,217,152,164,185,202,221,17,17,13,40,43,42,254,16,10,6,3,1,0,250,253,254,252,250,246,254,247,238,228,186,28,243,227,184,220,228,254,173,178,181,185,197,254
2,185,224,235,245,253,254,1,1,0,1,6,17,244,248,253,254,251,241,245,254,247,231,205,162,181,185,185,187,185,182,155,190,225,253,30,64,14,127,163,196,227,254,9,2,0,0,3,12,206,232,242,249,254,253,254,228,194,166,150,112,254,215,158,112,105,105,180,223,244,252,249,254
2,202,219,231,234,241,254,0,3,5,6,8,10,197,207,218,231,245,254,246,251,254,253,250,239,168,178,173,170,173,174,156,181,196,214,235,252,0,72,110,117,137,85,15,15,14,14,13,0,183,200,214,227,241,254,202,202,193,187,186,254,180,196,209,209,181,254,163,167,176,183,196,254
2,222,230,232,230,254,202,20,27,36,41,0,52,233,248,254,159,95,81,241,218,197,0,102,18,167,170,171,170,150,116,2,43,86,159,72,192,160,186,221,254,183,151,22,27,38,30,0,49,226,244,254,206,147,115,145,132,110,0,56,72,127,125,127,0,84,140,221,216,201,254,233,137
2,198,198,206,218,229,254,39,34,30,26,20,0,242,250,254,251,249,224,251,254,253,246,247,84,158,164,176,181,177,191,161,170,187,204,224,105,86,82,90,103,79,254,40,36,32,27,19,0,239,245,251,254,252,224,147,145,142,139,157,0,163,143,108,96,24,254,161,166,169,172,154,254
2,240,249,254,253,250,251,11,8,4,1,0,30,239,246,251,254,253,180,160,160,159,157,156,0,139,141,141,141,141,166,141,143,147,152,157,195,116,127,123,113,110,254,18,15,11,9,9,0,241,250,253,254,252,222,146,141,138,136,133,0,170,163,164,158,133,254,146,148,149,149,149,254
2,202,215,229,243,253,254,7,3,3,2,0,13,226,245,254,251,245,207,179,178,176,173,163,0,140,145,150,153,154,172,135,145,153,157,168,199,80,86,97,110,123,254,14,10,8,5,1,0,217,238,250,254,252,225,138,140,139,134,125,0,175,164,141,135,139,254,159,159,161,167,173,254
2,238,244,252,254,241,229,0,1,5,13,33,65,234,244,250,254,250,217,233,224,211,192,158,0,162,166,167,165,166,203,204,224,247,20,61,121,88,121,165,193,195,254,0,0,2,10,29,40,229,241,249,254,250,204,143,139,135,133,126,0,254,189,164,164,189,51,181,184,184,181,181,254
2,227,235,248,252,254,248,5,0,0,1,4,30,247,253,253,254,252,228,251,254,242,228,209,129,164,176,180,178,174,147,154,174,205,229,249,139,14,26,59,73,75,254,8,4,2,2,0,50,233,240,245,248,247,254,179,180,170,154,138,0,157,135,139,149,145,0,168,170,176,181,187,254
2,238,239,232,229,240,254,10,6,1,0,0,24,239,242,248,254,252,225,215,212,207,197,176,254,168,159,157,160,164,160,164,175,192,207,234,120,40,26,5,0,21,75,8,3,1,0,0,15,245,246,247,251,254,247,155,147,140,132,119,0,141,157,160,147,147,0,164,168,170,171,173,254
2,211,226,238,244,251,254,0,1,2,1,4,29,223,230,241,251,254,221,254,253,251,242,219,124,190,186,179,179,179,238,194,210,222,244,7,178,0,56,88,111,144,237,3,2,0,0,0,0,199,214,228,238,245,254,155,154,146,137,121,0,150,151,151,134,124,0,150,151,155,157,163,254
2,224,232,239,247,254,249,3,1,1,2,0,28,199,201,208,222,254,96,178,177,174,169,181,0,150,149,147,144,142,153,154,160,168,175,178,209,134,146,158,172,170,254,23,21,20,20,22,0,189,198,208,226,237,254,142,140,137,133,141,0,128,129,130,130,118,254,145,146,146,147,137,254
2,249,252,252,252,247,254,32,29,28,29,28,0,231,243,251,254,250,173,254,249,239,221,163,169,181,172,174,176,185,118,178,204,229,247,32,213,141,136,135,147,254,36,35,33,33,33,42,0,236,245,251,254,248,168,157,153,145,119,0,37,138,142,136,131,109,0,168,170,174,176,140,254
2,233,243,248,249,251,254,3,2,0,0,0,7,234,236,241,248,254,252,254,252,246,235,218,171,190,186,180,174,172,173,206,215,232,4,22,38,120,123,123,122,115,254,10,8,6,5,0,90,221,226,233,238,245,254,133,131,130,128,132,0,198,236,250,254,249,19,186,194,198,204,208,254
2,211,223,229,236,246,254,39,36,38,41,51,0,239,248,253,254,211,138,254,247,235,219,210,42,188,190,192,192,204,136,192,226,2,25,193,103,87,104,116,121,254,76,34,31,31,26,65,0,224,238,246,249,254,126,144,138,136,146,0,76,156,163,154,151,0,133,192,203,209,254,194,151
3,197,204,205,209,225,254,69,58,39,22,15,0,254,231,195,143,137,51,133,134,145,166,125,254,133,153,168,179,176,165,120,110,102,181,252,70,1,9,0,23,21,165,72,57,33,18,0,26,254,237,201,164,147,183,102,69,66,150,34,254,105,116,115,133,254,231,131,152,173,164,208,0
3,186,193,197,198,179,254,57,55,57,50,51,0,242,254,251,239,223,161,136,139,140,153,91,254,119,129,134,151,177,239,111,134,121,172,11,138,0,2,16,24,10,120,23,21,22,14,0,1,239,252,254,243,212,208,79,123,113,99,0,202,227,132,123,117,254,113,140,118,137,156,209,0
3,175,173,173,161,202,0,71,63,51,54,0,250,184,190,188,184,170,254,136,137,139,132,156,0,123,124,130,131,151,83,121,127,130,133,148,140,78,65,49,47,0,201,56,47,36,31,0,140,250,253,245,230,224,254,101,57,28,18,0,21,124,135,133,171,254,164,132,136,140,134,163,0
3,163,171,185,182,237,0,64,51,39,36,0,254,220,246,254,250,253,211,157,165,173,174,116,254,124,136,150,171,181,205,86,96,108,166,124,118,38,20,14,12,0,236,51,35,23,9,0,58,177,191,198,200,196,254,137,160,160,111,0,68,151,153,161,183,254,51,136,137,147,149,172,0
3,198,205,212,214,254,85,46,36,36,38,0,164,192,198,203,218,220,254,174,171,161,146,151,0,131,136,138,138,171,129,73,104,133,162,170,82,43,34,45,45,0,176,22,14,10,8,0,46,193,197,209,222,211,254,149,140,116,82,0,227,128,131,155,202,254,192,135,136,139,144,179,0
3,175,193,208,220,254,115,84,67,46,30,0,130,201,218,244,254,240,103,157,160,158,153,113,254,126,129,132,141,144,202,81,86,95,124,98,208,79,64,33,19,0,253,76,57,34,15,0,15,192,209,226,232,209,254,253,254,201,147,44,215,92,97,136,143,240,0,129,141,166,178,204,0
3,229,239,248,253,254,230,29,31,23,19,0,55,232,229,245,251,254,216,124,129,131,154,95,254,125,125,121,132,129,225,117,119,104,139,71,130,29,46,31,26,0,85,17,17,8,1,0,6,227,238,247,254,236,242,90,41,0,98,0,202,105,134,172,113,254,76,0,81,166,154,229,70
3,195,203,209,206,254,156,61,50,46,48,0,104,254,242,222,224,190,212,141,142,139,131,140,0,130,133,134,136,159,60,109,116,126,135,157,196,52,46,46,38,48,254,47,37,32,32,0,137,200,198,197,194,188,254,137,135,127,111,127,0,125,125,146,189,156,254,133,137,136,132,170,0
3,212,222,201,254,143,7,52,43,45,10,93,254,150,145,143,130,161,254,134,137,134,139,94,0,131,133,137,153,130,34,120,122,127,133,157,130,79,76,75,57,155,254,35,26,23,0,39,162,185,179,167,158,192,254,122,119,120,92,125,0,119,124,154,177,174,254,132,137,137,162,78,0
3,215,221,209,254,191,12,33,28,29,0,67,244,179,182,185,170,182,254,146,147,138,133,98,0,133,137,145,162,148,46,121,129,135,154,160,152,51,46,40,29,113,254,21,16,12,0,20,110,194,195,190,184,198,254,137,135,102,0,97,108,133,158,201,230,214,254,138,142,142,156,112,0
3,166,166,167,165,153,0,16,13,12,9,0,143,233,229,213,193,174,0,130,128,129,131,127,0,127,131,133,132,131,75,124,131,133,133,148,235,0,5,15,18,7,250,14,12,11,7,0,95,254,245,226,200,178,182,98,99,107,98,67,0,133,99,84,97,133,0,142,152,169,205,248,0
3,193,203,218,236,254,96,43,29,17,6,0,38,201,208,215,234,254,116,229,250,254,241,197,0,130,143,149,155,181,86,15,35,75,130,6,28,24,16,7,2,11,254,42,28,16,6,0,41,164,167,171,182,199,254,196,204,187,145,93,254,120,122,134,155,171,0,132,152,172,209,250,254
3,196,209,226,243,253,254,37,28,17,8,0,12,254,240,220,195,179,184,254,247,241,229,213,94,161,181,198,211,227,2,54,108,160,238,27,217,0,6,14,30,36,91,37,26,15,7,0,4,254,243,223,201,185,208,148,123,105,85,58,254,101,110,134,178,254,129,162,192,208,229,254,188
3,234,237,238,238,254,115,22,13,4,0,9,238,184,184,187,193,203,254,137,136,134,129,119,0,130,131,133,135,139,166,121,126,133,141,158,143,28,18,7,0,13,78,19,11,3,0,2,80,164,162,162,167,179,254,131,106,69,39,0,24,132,145,162,175,188,254,144,155,164,165,158,0
3,247,229,196,183,221,254,63,58,50,38,31,254,148,142,143,150,164,254,128,129,135,136,127,0,131,127,126,130,137,122,123,125,126,124,139,112,50,43,26,2,0,165,42,35,26,12,0,159,155,144,145,151,166,254,109,108,121,100,101,0,99,127,154,211,214,254,130,132,137,144,140,0
3,212,214,229,243,254,44,33,23,15,11,0,219,253,254,237,208,172,160,128,128,128,129,122,0,121,128,134,139,140,24,117,121,126,134,136,65,45,39,46,62,61,254,32,22,14,11,0,149,233,230,217,195,164,254,91,96,97,95,42,0,111,105,93,92,247,254,123,129,133,136,143,0
3,197,202,204,203,213,254,24,10,0,0,1,0,170,190,214,224,241,254,254,231,182,148,106,83,75,101,134,161,198,253,239,59,194,251,24,145,36,16,4,0,9,52,20,7,0,0,1,6,165,180,194,205,224,254,105,83,86,60,31,0,146,156,173,206,236,254,223,254,208,235,244,250
3,250,254,215,196,187,70,38,25,8,0,0,172,254,243,223,194,158,129,107,117,118,117,113,0,128,126,131,138,148,36,121,111,123,137,127,121,60,48,6,0,0,220,29,16,4,0,0,105,254,240,207,176,139,202,0,5,15,49,26,184,62,85,90,50,254,199,126,133,137,131,134,0
3,248,254,235,223,241,115,67,64,59,59,62,254,205,209,212,206,184,254,124,123,121,118,113,0,125,125,127,132,140,110,124,123,129,135,134,247,32,21,0,2,35,206,9,1,0,0,4,123,249,254,250,238,215,221,101,83,86,87,69,0,146,150,141,124,151,0,121,132,128,125,137,0
3,0,166,52,94,171,174,254,190,171,143,122,111,213,254,177,153,135,105,0,167,131,135,129,139,44,159,150,127,135,139,183,142,116,125,119,127,80,106,0,62,132,153,254,207,182,147,87,70,196,254,188,163,145,109,0,67,146,75,115,150,254,178,46,15,40,77,12,254,127,179,146,134
3,0,232,241,166,172,77,240,81,0,30,105,145,122,38,0,25,97,138,254,201,239,237,239,237,0,225,224,153,143,220,90,49,119,134,153,108,0,114,121,90,84,36,124,6,0,25,67,100,118,30,0,39,124,158,19,104,225,241,254,243,0,66,143,183,183,152,254,185,132,107,105,119
3,191,196,207,223,245,0,26,18,3,0,2,182,127,150,202,231,254,158,153,152,152,148,136,0,127,125,133,141,153,212,107,109,127,150,202,31,48,30,0,8,43,182,31,22,9,5,0,35,126,142,178,203,232,254,126,122,120,120,102,0,152,165,173,171,161,0,153,173,189,198,254,155
3,191,213,233,246,254,82,5,0,1,8,17,60,227,243,253,254,241,121,153,142,131,118,103,0,127,135,142,152,157,107,109,127,155,181,226,249,0,5,18,37,63,164,6,0,0,5,10,45,218,236,249,254,249,241,67,66,68,47,0,150,160,153,145,136,133,0,188,157,137,155,250,254
3,167,166,172,173,180,0,13,10,8,2,17,254,164,196,214,227,229,254,133,131,127,124,114,0,118,119,124,129,142,106,122,130,133,140,141,181,40,18,13,0,7,192,11,8,4,0,5,185,166,199,219,231,237,254,122,113,97,90,87,0,149,155,154,162,157,254,125,130,136,138,126,0
3,227,228,234,242,254,71,6,0,2,11,28,179,201,221,239,250,254,221,129,124,117,108,96,0,121,124,127,131,133,120,127,137,147,155,182,23,12,0,0,14,38,113,5,0,2,9,19,67,194,211,228,242,254,250,83,80,79,69,43,0,195,200,197,193,205,0,175,159,134,127,135,0
3,191,185,187,210,254,250,6,0,0,4,15,136,111,152,187,222,254,229,148,135,126,118,109,0,119,120,125,130,130,34,116,138,147,153,135,254,71,50,44,57,86,254,4,0,0,1,4,85,116,135,153,177,202,254,121,100,71,45,0,146,186,229,254,251,253,128,136,134,137,138,136,0
3,244,251,254,242,210,57,17,11,7,5,0,231,144,197,231,254,246,239,134,133,133,131,112,0,118,119,122,125,144,75,116,125,131,141,190,90,64,48,33,9,0,250,10,4,0,0,1,160,147,177,196,202,192,254,114,113,111,105,91,0,145,139,135,138,147,254,127,129,133,137,146,0
3,199,201,214,228,254,167,29,22,16,8,0,213,145,157,172,192,215,254,146,144,141,133,130,0,126,127,128,132,135,52,112,119,125,140,132,51,85,79,78,80,82,254,27,20,13,4,0,128,142,152,166,186,197,254,139,134,121,103,94,0,159,173,199,212,224,254,133,136,142,146,145,0
3,196,198,217,232,254,102,45,35,22,16,0,204,143,149,157,164,166,254,155,155,147,140,136,0,126,129,132,132,125,170,105,113,129,140,100,210,29,3,0,3,20,169,35,25,11,6,0,119,153,160,176,187,195,254,159,152,119,102,92,0,134,142,158,172,171,254,142,148,158,158,158,0
3,231,239,254,243,240,238,6,3,4,4,0,150,206,216,230,241,254,245,144,136,130,124,116,0,124,130,131,136,145,59,129,145,156,158,130,223,23,23,28,11,0,243,7,4,4,4,0,99,167,175,185,186,188,254,108,89,71,48,0,50,131,143,165,202,229,254,138,141,146,150,159,0
4,107,85,57,26,0,26,122,103,79,52,28,0,222,223,194,175,254,242,8,1,0,3,22,47,135,142,134,132,129,106,233,205,189,174,171,175,90,62,29,0,0,32,115,95,72,47,23,0,137,125,123,137,167,254,8,6,0,3,10,17,210,222,254,249,198,152,1,0,1,3,6,15
4,107,106,82,69,157,254,62,48,31,12,5,0,146,147,180,254,152,230,25,49,96,125,254,165,114,103,100,36,247,10,117,115,79,22,156,69,59,38,15,1,20,0,45,29,15,3,0,21,193,210,230,254,234,150,34,45,54,120,116,254,187,233,218,122,5,254,0,7,32,45,138,125
4,75,78,95,120,100,0,80,69,70,49,75,254,130,130,132,118,139,254,106,117,128,151,169,254,123,130,121,152,123,116,37,43,80,44,174,110,43,47,51,51,36,0,25,11,3,0,9,60,226,254,238,157,103,179,95,105,105,136,109,0,159,119,114,140,116,0,35,56,70,136,122,0
4,133,114,120,108,0,83,79,82,63,84,254,171,131,139,125,141,254,130,134,137,143,142,181,254,124,138,143,161,244,177,102,101,104,137,241,231,38,20,10,0,8,129,0,4,0,5,82,158,254,210,169,151,124,120,106,108,128,137,107,254,145,141,143,191,11,0,112,111,129,138,184,254
4,98,89,89,101,158,0,43,35,25,23,0,69,127,131,127,139,89,254,24,78,142,180,254,235,105,99,142,106,23,3,115,174,193,97,44,167,51,41,34,33,40,0,25,13,4,0,2,24,219,247,254,223,179,122,0,24,80,90,165,88,175,190,201,160,71,254,0,39,47,84,145,96
4,73,9,58,254,148,28,23,19,0,88,205,144,119,146,35,53,185,0,140,156,173,191,254,221,122,229,115,241,76,149,83,86,195,199,105,192,8,0,4,17,79,180,0,2,2,34,122,161,254,174,104,226,235,54,81,111,119,143,254,204,134,121,152,111,0,52,113,120,147,235,254,154
4,43,56,62,85,0,13,66,60,60,28,156,254,126,127,130,105,199,254,112,128,151,185,136,254,140,136,132,170,43,32,47,71,107,42,181,80,20,28,22,23,0,29,9,0,0,7,28,80,248,228,152,0,75,234,81,102,118,169,0,141,140,130,128,131,71,0,3,49,131,174,67,254
4,122,119,117,115,107,0,59,48,38,28,38,0,158,163,182,132,151,0,27,68,105,153,254,104,120,123,163,127,75,197,150,201,209,124,104,143,30,8,6,15,12,0,27,15,5,0,3,14,246,254,251,241,193,125,48,63,72,120,105,254,187,193,143,139,152,254,0,21,51,96,181,50
4,98,86,82,80,120,0,70,60,53,54,0,243,126,126,126,129,103,254,12,53,134,184,254,180,167,173,184,131,203,186,38,40,72,122,128,11,44,41,43,35,27,0,26,15,7,6,0,29,254,248,226,173,162,206,100,106,114,111,131,0,190,174,108,168,196,0,75,82,98,105,128,0
4,89,74,78,82,127,0,68,53,35,30,0,91,125,127,127,139,92,254,13,55,88,150,203,254,155,131,148,135,234,52,121,145,154,54,80,0,50,32,29,34,34,0,41,23,8,0,1,23,223,228,254,242,176,131,11,14,56,84,141,0,254,226,160,122,121,110,0,17,36,92,131,93
4,63,70,115,85,0,68,54,39,31,19,0,25,162,181,187,197,234,0,118,128,137,147,146,0,117,113,119,98,111,220,75,79,85,78,120,66,4,7,33,4,0,108,31,17,12,8,0,20,111,146,187,219,254,194,106,108,109,109,105,254,139,125,122,188,74,254,0,27,70,62,241,27
4,100,99,103,99,0,189,72,59,46,30,10,0,162,173,194,209,254,198,90,104,127,163,193,0,97,92,101,98,114,148,220,205,216,225,250,107,32,28,29,26,0,38,63,41,29,18,8,0,97,120,163,209,235,0,0,6,12,34,61,137,142,150,147,180,166,0,0,4,40,65,92,141
4,101,129,169,184,193,0,48,38,31,24,0,74,124,131,137,145,151,254,123,129,136,140,140,254,114,116,117,116,145,48,93,96,104,104,110,133,0,52,56,52,27,86,36,23,7,5,0,84,0,75,158,206,175,69,112,115,117,117,123,254,129,50,0,118,145,149,107,108,119,120,126,254
4,113,121,134,152,182,0,41,25,16,6,0,147,208,215,199,110,243,254,116,129,136,143,131,254,128,126,136,126,147,164,70,86,95,105,146,119,0,9,31,49,22,73,24,9,4,0,2,142,44,77,96,105,0,33,90,99,103,101,131,254,139,128,102,108,128,0,77,99,111,147,115,254
4,141,151,143,137,142,254,51,37,25,9,0,59,138,140,144,141,139,254,112,119,130,138,138,0,116,116,129,147,168,109,80,88,90,101,77,217,54,58,50,49,48,0,44,20,6,2,0,84,207,235,254,213,119,56,0,35,48,71,51,38,115,146,146,139,78,254,119,98,118,120,154,254
4,131,134,136,132,142,254,63,49,32,13,0,57,131,132,135,135,147,254,109,114,132,142,142,254,120,117,117,130,185,164,44,45,59,70,29,156,56,48,48,30,23,0,45,28,14,6,0,91,102,118,152,139,103,0,82,78,94,91,97,254,129,149,153,205,90,254,90,100,109,114,141,254
4,128,110,92,78,138,0,59,49,37,17,0,63,194,187,179,157,133,254,118,125,131,136,155,0,126,139,144,158,171,4,73,72,65,75,37,134,5,0,0,2,23,79,38,27,15,7,0,62,191,168,144,73,0,137,114,114,116,115,116,254,224,205,218,169,50,0,106,114,114,116,123,254
4,18,35,0,173,101,122,31,0,145,141,132,129,174,67,254,99,92,114,139,168,254,111,111,129,132,151,176,120,121,128,75,231,207,105,81,129,0,84,66,116,125,118,1,0,150,134,129,127,133,3,0,129,152,137,102,210,254,137,98,130,146,120,0,149,141,135,85,96,254,102,110,144
4,130,140,153,159,98,0,69,58,45,22,13,0,151,151,162,168,135,0,100,104,126,160,164,0,113,113,111,159,184,172,189,183,173,247,118,65,5,0,6,3,12,18,45,30,20,5,0,0,118,149,203,203,126,0,30,0,32,63,60,127,160,144,170,254,60,194,14,0,11,93,199,2
4,132,158,193,254,191,167,43,31,17,0,131,148,135,142,137,145,254,96,126,138,144,158,254,128,114,125,134,173,63,116,60,65,64,78,250,104,3,14,0,10,23,123,19,10,7,0,142,135,95,144,108,81,0,155,88,95,90,116,254,154,130,125,160,111,0,159,94,100,102,99,254,105
4,124,112,110,104,0,245,53,43,33,22,0,120,134,134,135,127,108,254,120,124,132,138,130,254,123,128,136,132,171,180,87,92,97,100,94,20,0,5,18,14,56,31,23,12,4,0,0,131,66,73,81,62,0,43,100,99,106,109,182,254,154,146,129,156,102,0,92,105,111,123,122,254
4,178,219,184,109,29,0,100,99,79,45,0,86,125,132,127,138,150,254,112,111,113,119,126,254,106,105,118,132,162,38,136,86,252,197,18,231,102,98,65,16,0,92,89,86,58,25,0,119,173,252,254,221,74,110,121,115,113,108,110,254,120,127,135,145,122,0,119,109,95,86,112,254
4,124,128,131,129,147,254,55,40,27,13,0,78,130,131,132,131,133,254,116,127,143,152,162,254,117,123,137,133,180,82,30,44,48,54,106,222,0,11,23,3,4,32,40,26,17,10,0,131,40,81,107,66,0,16,109,111,111,116,112,254,145,141,145,163,125,0,103,112,116,115,110,254
4,117,129,147,152,166,254,41,25,9,0,0,33,129,131,136,132,145,254,123,128,137,150,157,254,119,123,124,130,168,207,57,63,79,125,94,13,25,38,59,45,49,0,24,12,0,1,5,93,42,76,141,145,74,0,93,86,112,117,117,254,142,136,134,183,87,254,85,102,99,126,138,254
4,170,176,161,126,105,0,73,58,37,17,0,33,178,200,232,240,254,171,115,122,133,153,155,254,99,102,116,136,160,250,35,34,39,44,83,193,77,63,37,0,22,111,58,41,25,13,0,68,215,244,254,238,229,109,112,113,116,118,109,254,120,158,185,205,17,254,106,102,107,119,168,254
4,29,45,47,57,67,254,71,57,45,33,19,0,132,165,181,191,188,254,95,110,121,146,164,254,109,103,111,143,136,247,237,238,233,241,231,14,0,2,1,8,4,17,54,39,27,18,11,0,4,35,58,73,68,0,18,0,24,35,26,18,175,164,214,165,199,0,0,25,36,64,71,56
4,52,70,107,145,142,0,82,73,60,48,29,0,125,126,128,128,133,0,30,54,129,172,175,0,96,81,103,82,107,95,33,32,0,158,233,106,10,15,22,19,0,72,60,49,29,14,3,0,0,6,57,98,81,166,40,30,42,35,2,254,141,145,118,157,190,254,41,66,77,72,91,0
4,123,126,131,135,146,254,57,44,35,20,0,53,125,124,123,124,136,254,109,121,134,136,163,254,128,122,126,123,148,106,77,82,71,62,222,79,7,21,29,26,0,14,47,31,19,9,0,100,0,16,59,70,18,54,99,103,108,105,99,254,136,124,125,133,101,0,110,117,117,114,139,254
4,136,137,138,138,148,0,40,31,22,11,0,57,147,145,167,137,188,0,125,129,136,144,159,0,130,123,131,131,151,70,81,88,96,102,50,142,5,9,17,0,13,58,17,9,5,4,0,53,23,40,69,37,0,149,111,112,116,118,124,254,185,186,146,202,37,0,101,111,112,123,127,254
4,117,121,125,129,136,254,66,51,36,20,0,77,127,127,127,126,135,254,121,123,127,131,132,0,124,127,128,127,126,162,102,100,99,99,103,36,16,31,23,16,3,0,53,39,22,10,0,89,0,16,40,49,59,96,23,19,40,26,0,38,155,152,158,171,81,254,91,97,103,113,133,254
5,56,18,0,12,48,92,96,75,50,52,62,254,208,213,219,230,233,254,81,86,92,89,107,0,129,132,131,134,122,50,73,62,76,74,240,241,78,62,53,49,80,0,89,40,1,0,197,107,205,204,216,225,225,0,103,105,118,128,213,0,152,167,155,138,0,193,91,93,83,80,0,246
5,75,35,7,0,14,39,114,102,99,94,132,0,191,213,232,243,254,156,121,126,130,125,134,0,116,111,111,115,128,80,91,93,104,111,157,189,101,87,79,74,95,0,120,113,113,114,158,0,215,236,253,254,241,116,127,130,135,139,153,0,132,117,104,84,82,254,101,100,94,81,44,254
5,70,111,142,87,85,0,106,105,100,86,88,0,130,133,154,193,254,168,107,115,117,114,114,0,139,129,111,103,104,145,71,78,80,70,147,41,106,115,113,86,84,0,109,108,106,100,116,0,127,142,172,195,254,118,132,132,131,124,140,0,124,132,155,172,134,254,86,96,99,108,78,254
5,0,20,28,64,182,145,106,108,98,128,91,0,176,197,211,254,172,81,103,100,91,110,63,0,122,118,117,129,105,154,85,96,98,192,53,204,82,82,76,103,66,0,105,107,105,148,113,0,165,199,215,254,159,92,126,125,125,168,81,0,141,149,142,74,167,254,99,97,96,40,164,254
5,94,149,113,38,0,52,140,25,0,43,74,99,254,177,114,130,88,71,59,0,113,203,140,158,212,104,192,211,135,52,228,22,194,38,42,255,0,9,6,53,96,115,110,25,0,21,60,95,128,210,254,185,74,76,26,0,89,143,130,140,111,254,213,138,155,71,205,203,254,219,158,175
5,19,22,0,85,70,86,106,105,96,129,35,0,183,196,200,254,209,69,118,113,105,99,0,130,125,126,111,172,100,161,84,99,115,126,129,210,85,78,80,42,0,38,108,106,106,117,39,0,205,217,254,147,135,200,130,121,143,40,0,121,142,156,136,189,205,254,68,76,43,101,201,254
5,65,47,11,0,21,50,98,84,73,53,117,0,249,254,251,242,237,142,48,47,40,28,53,0,128,137,143,145,165,154,18,20,39,29,20,132,58,44,25,17,47,0,100,81,67,50,162,0,251,254,238,226,186,59,116,113,112,112,177,0,131,137,135,129,45,254,96,99,96,94,24,254
5,75,73,98,115,87,254,108,103,107,110,152,0,128,127,149,172,254,79,105,112,114,118,126,0,126,116,102,100,103,69,43,77,101,135,158,10,37,35,63,70,60,0,89,83,93,116,184,0,76,91,185,224,252,254,124,130,136,141,156,0,127,71,85,92,135,254,98,93,85,80,54,254
5,108,87,66,48,39,0,93,86,77,64,105,0,180,212,238,254,245,213,109,112,113,106,124,0,114,112,116,120,146,97,83,83,88,87,171,110,98,81,67,50,62,0,113,112,111,105,147,0,206,232,254,244,206,51,128,127,128,124,151,0,128,129,123,124,78,254,94,98,97,100,58,254
5,29,7,0,9,15,5,110,106,104,93,118,0,175,194,218,242,254,101,100,104,109,108,125,0,127,126,125,120,139,103,90,91,94,84,160,172,93,85,79,71,83,0,114,112,111,105,142,0,171,190,221,254,229,72,124,125,127,126,150,0,132,134,134,134,97,254,98,99,99,100,69,254
5,107,103,112,116,81,254,111,113,117,126,154,0,151,170,198,210,198,254,129,142,151,140,84,254,77,81,97,109,133,180,60,69,118,169,237,37,96,90,89,92,0,69,109,111,116,128,123,0,159,190,235,254,213,250,131,132,135,138,166,254,128,132,130,125,114,254,115,117,119,113,154,0
5,117,124,128,122,98,254,112,113,114,112,131,0,132,139,150,155,145,254,119,132,152,170,145,254,104,97,86,112,164,235,61,76,70,79,196,231,80,90,82,66,0,4,116,116,116,116,115,0,150,193,245,254,151,164,128,131,133,141,171,254,130,128,129,119,51,254,102,103,109,102,174,0
5,102,129,118,110,118,0,94,92,72,68,89,254,150,166,208,247,254,233,100,123,118,105,74,254,116,105,89,109,127,224,86,63,56,71,152,57,78,92,62,50,45,0,67,58,26,21,71,254,147,176,215,254,246,165,126,121,120,125,169,0,119,137,162,136,109,254,116,123,120,114,88,254
5,120,113,96,70,0,229,111,108,105,109,152,0,151,150,154,152,128,254,120,126,125,89,33,254,101,112,108,151,148,231,54,61,61,136,228,171,94,89,80,71,82,0,109,106,104,110,180,0,252,245,254,222,111,139,126,128,129,154,133,254,115,126,136,107,58,254,101,107,92,0,4,180
5,123,107,97,48,0,171,94,92,93,106,189,0,149,152,159,160,142,254,119,114,110,94,89,254,109,117,117,128,128,135,93,108,111,149,138,127,84,73,62,35,52,0,97,96,97,111,195,0,242,230,254,159,149,151,101,108,123,223,181,254,110,115,149,130,0,16,115,111,104,64,135,254
5,184,141,106,18,0,52,57,49,25,0,10,148,161,193,230,254,243,172,90,106,117,116,87,0,87,73,74,103,143,213,80,80,70,78,115,115,91,66,37,0,0,25,50,44,20,0,18,179,173,204,240,254,236,163,117,117,112,121,134,254,131,140,142,128,98,0,114,119,124,117,100,0
5,132,127,129,116,95,0,119,119,111,101,104,0,168,202,224,254,237,154,86,95,97,100,95,0,95,109,105,110,126,12,79,95,86,76,106,139,120,114,111,97,78,0,107,106,89,74,92,0,188,217,243,254,195,29,116,115,111,120,145,0,148,154,175,151,106,0,97,110,115,99,60,254
5,8,95,92,0,128,11,106,91,50,18,27,0,200,203,172,164,190,254,0,23,32,44,69,112,54,134,152,119,59,4,44,229,246,75,34,16,45,68,58,34,59,0,105,84,46,23,21,0,199,210,172,157,205,254,49,0,14,76,61,98,102,72,144,154,221,254,0,92,97,44,82,56
5,90,98,0,202,192,66,100,99,114,0,39,75,228,254,222,178,100,80,125,126,111,0,135,126,115,123,132,123,188,159,106,110,145,44,170,220,58,53,0,26,76,73,96,95,122,0,18,46,228,254,162,210,123,65,127,132,156,0,113,134,183,142,3,254,109,56,95,87,0,234,208,157
5,169,158,35,0,41,104,109,72,21,0,10,119,131,140,160,189,219,254,121,136,143,136,128,0,116,105,104,119,114,5,96,81,80,99,110,149,126,100,27,0,6,32,99,58,17,0,9,114,151,158,159,198,254,227,126,125,132,136,135,0,103,146,165,166,171,254,120,127,124,116,113,254
5,131,131,105,79,0,242,113,107,98,92,144,0,139,148,181,217,254,230,96,105,114,108,45,0,113,79,56,61,188,208,61,67,69,79,215,230,116,109,81,57,0,75,112,107,101,97,152,0,156,172,194,226,197,254,115,109,112,107,136,0,115,128,144,144,89,254,106,116,115,115,100,254
5,127,109,102,83,12,254,111,107,106,109,142,0,174,169,180,194,177,254,110,118,123,126,101,0,124,116,112,110,148,113,91,93,98,109,167,140,91,74,65,42,15,0,111,108,108,111,139,0,228,203,220,224,128,254,120,126,130,138,103,0,119,123,126,130,148,254,114,108,105,95,171,254
5,127,106,62,0,127,62,103,107,131,0,30,73,211,254,241,205,98,77,115,118,105,0,130,125,113,115,138,75,215,137,122,120,156,45,196,223,94,77,4,0,73,88,98,104,91,29,0,42,222,254,219,62,75,59,124,128,174,0,119,134,175,166,0,97,152,92,83,77,254,147,229,160
5,134,129,124,112,95,0,114,104,90,80,90,0,142,132,143,185,230,0,108,120,129,130,130,0,127,124,116,107,111,44,98,91,85,79,113,167,123,118,109,95,86,0,76,52,17,0,104,27,182,151,161,220,254,82,120,125,130,133,149,0,121,128,146,154,132,0,118,119,117,113,78,254
5,114,114,115,111,92,0,51,33,16,9,0,121,164,173,198,227,254,229,75,75,63,53,54,0,100,86,54,31,25,192,211,233,12,23,64,229,73,68,59,44,0,181,112,108,106,104,104,254,169,182,216,248,254,158,110,106,99,83,134,0,126,129,134,139,136,254,122,122,122,123,119,0
5,117,106,92,79,0,171,111,109,108,111,149,0,214,234,254,251,204,202,113,113,116,118,122,0,117,118,123,127,143,85,111,113,115,125,197,99,79,66,51,33,0,25,104,102,101,110,171,0,225,241,254,233,131,171,120,118,122,143,187,0,159,163,157,118,0,115,105,110,107,73,0,104
5,105,105,108,115,39,0,105,96,92,97,124,0,215,244,254,244,195,194,122,122,120,116,112,0,116,120,128,133,129,88,102,97,102,111,143,138,76,68,67,76,21,0,45,14,0,17,154,127,214,244,254,246,132,129,125,124,127,130,144,0,142,141,129,116,83,0,96,96,79,58,4,254
5,98,114,102,124,135,0,68,42,19,16,54,254,173,197,225,254,244,184,60,63,64,66,49,0,142,107,109,114,161,186,235,211,218,252,114,134,53,53,41,54,60,254,115,110,106,105,113,254,150,166,181,201,191,254,92,87,95,123,237,0,128,130,130,127,123,254,123,123,123,122,117,0
5,110,117,108,110,101,0,109,101,90,93,111,0,217,232,254,248,195,203,75,89,100,106,106,0,126,125,136,140,147,94,97,70,62,68,145,43,101,101,94,96,93,0,108,98,88,93,132,0,197,216,223,217,148,0,120,120,125,131,149,0,139,156,151,123,116,0,121,122,117,113,86,254
5,129,146,159,180,169,0,119,131,148,186,254,35,121,157,168,195,254,61,49,51,33,34,0,99,107,113,129,115,74,28,75,48,122,128,142,84,118,132,145,163,166,0,118,131,151,187,254,17,141,200,199,213,254,123,119,121,131,134,141,254,118,118,99,116,88,0,120,116,105,97,95,0
1,121,114,120,125,49,0,222,219,238,254,93,74,248,241,235,224,254,243,104,96,104,114,18,0,125,124,128,130,91,90,147,144,155,165,74,32,198,185,210,232,6,0,229,228,242,254,146,100,46,38,17,0,128,158,26,11,0,1,37,58,130,132,145,156,70,0,40,60,74,94,157,254
1,25,0,6,23,37,56,191,201,219,240,254,249,254,219,186,182,205,213,4,0,18,19,4,103,126,132,126,112,97,92,233,12,63,69,43,245,5,0,67,138,171,212,189,196,210,222,231,254,81,41,10,0,6,4,45,51,55,30,0,82,94,58,65,162,254,10,117,108,94,118,144,0
1,51,21,6,1,57,254,165,166,158,181,166,0,217,231,241,254,233,95,18,9,4,0,6,40,133,130,135,164,168,79,170,175,213,160,225,232,167,160,150,165,142,0,237,239,232,254,236,65,20,18,31,0,4,185,63,58,65,34,0,68,135,142,123,180,254,123,84,96,77,148,254,175
1,77,52,33,0,83,193,228,220,219,241,251,254,254,244,219,198,134,87,20,11,6,0,30,60,127,139,150,161,132,94,118,136,165,153,16,143,148,133,129,133,192,254,202,202,205,206,228,254,91,79,61,50,23,0,20,18,20,0,24,55,254,175,73,93,9,50,106,98,90,112,62,0
1,115,118,110,116,123,0,213,218,224,223,223,254,123,108,118,124,131,254,89,90,84,93,100,0,146,135,128,119,117,192,139,149,132,170,200,61,143,148,136,140,145,0,231,234,232,244,254,157,12,0,3,8,17,81,94,94,86,94,100,0,123,134,152,145,136,254,111,111,120,110,103,254
1,106,102,94,116,118,0,216,219,212,254,250,17,228,225,221,189,175,254,6,0,0,17,33,20,140,149,147,189,183,211,229,242,14,246,10,19,183,181,172,226,237,0,231,235,234,253,254,162,57,47,42,6,0,136,18,5,1,0,1,18,169,186,192,235,229,0,65,82,105,101,119,254
1,97,93,118,106,0,17,183,179,220,195,6,0,247,243,215,212,254,124,50,50,67,61,2,0,129,127,171,134,158,131,165,191,223,218,144,91,117,116,161,151,0,54,225,226,254,241,120,84,43,42,0,20,193,189,11,9,2,2,21,0,158,141,161,148,20,0,110,109,102,115,175,254
1,133,118,100,115,84,0,185,191,197,189,204,254,238,250,254,245,233,219,39,27,20,27,21,0,109,115,125,131,142,161,162,160,168,209,201,130,238,235,231,249,254,166,230,237,242,246,252,254,109,107,98,96,70,0,95,86,78,91,76,0,125,130,134,110,131,254,99,106,113,90,116,254
1,12,0,13,21,47,102,188,207,221,229,239,254,208,217,226,234,245,254,35,42,42,65,55,0,93,99,101,114,119,102,1,6,247,23,243,99,125,127,129,161,142,0,205,224,238,248,254,246,106,95,88,104,89,0,116,110,102,115,96,0,121,125,131,111,132,254,101,107,117,98,124,254
1,103,104,102,127,109,0,235,236,234,254,244,150,254,240,227,214,193,133,91,90,90,71,105,254,130,133,136,126,131,183,145,152,166,111,159,214,131,142,155,80,0,62,235,233,229,252,254,172,108,112,118,57,0,60,93,97,104,39,0,120,131,123,111,191,254,138,112,112,110,151,144,0
1,23,20,40,24,0,155,185,196,213,228,238,254,195,212,216,227,251,254,2,0,9,7,5,69,92,100,107,100,88,112,238,8,33,19,1,132,99,114,151,168,169,254,187,200,215,225,234,254,50,38,21,18,27,0,72,65,52,45,39,0,73,49,72,144,230,254,13,0,2,40,82,27
1,0,64,161,193,104,101,193,198,189,205,254,163,232,207,190,186,202,254,43,32,25,15,0,30,162,159,133,129,166,87,255,246,43,245,45,189,196,212,216,229,254,170,227,233,233,239,254,230,25,11,9,6,0,25,74,59,56,38,0,63,119,137,146,185,254,167,0,26,21,88,248,28
1,152,143,136,150,117,0,178,171,175,212,176,0,216,227,236,236,242,254,48,40,27,0,27,150,113,102,116,181,144,162,184,205,203,123,242,209,176,165,160,185,149,0,234,234,237,254,240,163,41,60,56,0,8,155,72,72,61,15,55,254,142,143,153,184,150,0,113,109,114,145,121,0
1,40,44,16,56,185,0,186,189,182,201,254,169,248,254,252,241,223,227,17,15,21,18,0,30,106,121,113,143,225,80,202,223,4,12,230,82,139,144,135,168,254,143,211,217,218,229,254,222,96,90,79,48,0,31,61,54,58,43,0,53,148,139,103,133,254,85,6,15,0,51,185,3
1,70,68,86,95,111,254,187,196,207,210,214,254,202,230,248,254,250,243,5,0,10,0,1,183,40,70,113,126,143,4,28,41,75,68,74,81,133,135,149,166,187,254,200,211,222,227,232,254,67,86,91,101,95,0,75,57,38,27,19,0,202,207,205,204,216,254,0,20,43,72,98,79
1,148,149,142,82,59,254,242,244,247,251,254,251,139,166,198,232,254,248,50,49,48,22,0,50,70,51,53,75,105,125,167,184,209,159,150,186,254,233,203,174,158,171,216,222,228,230,233,254,0,34,66,107,128,74,61,58,56,24,0,64,227,253,253,254,234,139,81,81,79,107,115,0
1,30,8,8,0,57,131,205,215,221,222,235,254,225,252,254,245,233,229,35,31,25,0,39,97,80,112,148,160,143,128,196,206,216,179,16,139,140,116,129,162,206,254,204,214,221,220,234,254,83,82,70,71,38,0,70,45,25,15,8,0,254,218,188,226,190,140,26,38,52,89,51,0
1,0,45,80,107,112,36,187,196,207,206,202,254,234,248,250,252,254,212,72,63,49,54,67,0,97,111,121,130,141,143,197,202,197,216,245,157,147,177,197,228,254,134,221,232,240,245,250,254,126,132,122,121,118,0,99,88,72,73,81,0,129,127,140,127,107,254,66,72,95,85,65,254
1,34,12,14,11,0,59,214,222,229,230,231,254,180,204,223,239,250,254,79,74,62,64,73,0,85,92,90,94,106,96,176,178,176,195,221,144,162,141,121,139,163,0,224,234,240,247,254,245,32,63,84,127,160,0,101,92,76,79,87,0,147,143,150,127,98,254,94,101,119,105,82,254
1,176,137,85,0,12,150,198,202,203,197,213,254,254,233,215,208,185,137,29,25,18,0,20,86,133,136,137,132,145,179,159,170,177,167,207,47,247,230,209,177,189,254,213,217,219,218,229,254,82,68,57,51,33,0,35,28,23,20,13,0,149,157,154,148,180,254,2,1,0,9,12,4
1,3,0,7,25,51,80,201,211,224,239,250,254,186,202,217,236,254,245,0,14,32,38,29,36,102,105,106,108,123,158,46,75,109,108,98,9,118,120,137,132,122,254,197,207,219,230,237,254,33,27,29,16,0,85,76,76,79,44,0,129,125,125,112,139,176,0,96,95,87,110,139,0
1,88,94,97,119,115,0,187,189,194,192,203,254,186,165,160,143,155,254,91,97,91,102,92,0,141,139,137,129,133,184,150,159,146,192,167,118,145,166,176,222,216,0,230,234,237,252,254,192,51,29,17,0,2,67,96,99,93,101,88,0,125,125,134,122,137,254,122,122,128,110,124,254
1,10,3,0,4,15,25,195,206,218,230,241,254,152,127,78,31,15,0,19,6,0,1,10,26,120,137,154,151,143,150,233,3,28,49,73,102,0,1,9,24,48,75,197,208,219,230,242,254,79,62,39,22,12,0,39,26,12,2,0,0,77,0,74,165,213,175,129,132,155,186,213,254
1,61,39,19,7,2,0,174,184,196,218,236,254,0,26,47,63,76,98,40,22,8,0,1,13,85,87,97,110,108,102,197,210,230,3,30,55,56,28,8,0,0,1,172,183,196,218,236,254,8,11,10,3,0,1,61,44,33,16,8,0,126,137,45,57,119,254,29,19,0,53,127,230
1,5,2,0,3,7,26,184,194,202,212,224,254,254,222,199,159,99,6,92,83,68,47,22,0,130,132,133,137,140,142,179,187,195,210,239,32,0,4,11,28,49,111,184,193,202,212,225,254,100,86,76,60,39,0,103,92,73,53,32,0,38,89,76,45,0,5,99,94,101,102,25,0
1,40,29,14,1,0,1,184,194,206,222,239,254,136,132,115,92,51,0,64,51,27,11,6,0,111,114,120,135,148,151,196,205,223,255,18,42,23,15,2,0,9,21,184,194,207,222,237,254,90,81,67,47,24,0,81,66,44,27,14,0,27,22,23,0,19,47,25,44,0,25,196,241
1,87,47,17,2,5,0,173,185,196,209,223,254,0,57,105,143,160,130,48,36,28,17,2,0,103,87,89,99,115,143,162,183,199,219,243,35,116,49,2,0,22,87,170,184,196,211,224,254,0,28,49,62,57,4,70,60,50,36,15,0,198,242,197,108,66,0,5,0,6,23,47,109
1,77,64,48,33,16,0,180,193,206,220,236,254,0,5,24,52,94,127,50,33,22,10,1,0,107,98,85,79,83,99,176,199,217,238,8,28,85,69,51,32,12,0,177,191,204,218,236,254,5,0,2,11,21,25,70,54,42,26,11,0,0,32,74,131,168,150,31,11,0,1,12,47
1,59,45,32,14,4,0,178,188,200,220,237,254,213,230,244,254,253,246,31,16,5,0,3,16,89,88,91,103,115,129,185,202,221,250,10,26,37,23,11,2,0,7,179,190,203,222,238,254,178,179,167,118,62,0,50,37,23,12,3,0,76,38,11,0,14,29,16,7,0,16,44,88
1,17,0,29,68,62,40,163,185,215,232,244,254,246,244,250,254,239,198,43,22,8,0,1,11,115,120,119,117,127,135,178,211,209,203,220,246,0,15,98,160,165,149,170,193,218,234,244,254,123,96,77,66,40,0,94,81,44,13,0,0,70,0,9,78,116,139,30,0,31,68,103,126
2,184,183,192,198,213,254,23,11,7,0,28,67,217,224,227,223,232,254,221,231,232,254,227,93,139,147,151,162,153,128,106,114,127,171,180,112,84,70,82,74,118,254,16,6,0,18,52,3,238,245,245,254,235,172,154,158,154,181,154,0,137,136,138,118,142,254,135,135,139,119,141,254
2,187,199,215,195,225,254,0,5,17,30,67,66,244,237,228,227,247,254,237,235,218,241,144,0,165,171,159,131,146,211,141,153,149,250,94,114,98,136,178,156,233,254,0,11,29,76,87,13,254,247,242,234,230,222,162,165,159,178,106,0,122,109,126,119,176,254,132,129,134,117,175,254
2,186,208,243,248,253,254,51,43,36,21,12,0,250,254,253,249,252,242,249,254,245,250,246,228,156,156,144,154,156,155,127,132,130,167,183,209,97,112,140,117,175,254,52,43,31,0,41,101,225,235,247,253,254,245,185,179,156,180,113,0,146,142,145,170,103,0,178,182,202,231,140,0
2,163,182,201,209,211,254,38,41,39,20,29,0,210,190,190,209,254,217,223,236,235,231,254,110,168,158,148,146,120,155,129,128,111,132,222,76,0,113,184,124,173,204,51,52,47,36,57,0,200,197,205,217,224,254,247,254,228,230,247,28,112,125,169,200,161,254,148,156,183,180,160,254
2,179,184,201,224,202,254,18,9,6,4,0,28,227,229,225,225,240,254,216,237,243,228,254,154,148,155,160,151,138,148,109,125,132,129,227,82,0,11,61,124,76,184,7,2,0,0,19,22,236,240,240,245,254,246,196,223,234,207,254,97,175,150,134,173,161,254,168,158,155,172,135,254
2,153,164,175,175,175,254,0,17,35,37,50,74,215,194,184,198,232,254,210,231,240,241,254,104,165,161,155,146,122,141,113,137,147,168,231,226,0,66,109,87,106,198,0,20,49,75,115,62,234,221,210,211,227,254,201,232,251,254,243,92,121,104,121,160,161,254,138,129,129,129,126,254
2,176,188,210,208,202,254,7,17,12,0,1,28,149,153,168,188,214,254,241,254,235,238,226,93,145,141,139,129,122,150,145,173,136,165,213,69,124,170,196,161,139,254,0,18,19,8,21,81,206,207,220,244,254,216,234,254,214,211,202,27,130,131,212,239,207,254,142,139,166,162,157,254
2,188,212,243,254,245,248,23,21,17,0,13,72,192,187,193,205,228,254,239,254,252,244,241,236,157,160,150,147,141,119,123,138,131,144,193,243,77,152,212,211,203,254,22,23,22,0,31,164,221,225,236,254,251,215,218,234,225,204,216,254,140,136,155,186,144,0,150,146,150,180,150,0
2,184,209,234,236,227,254,15,20,9,0,66,68,169,182,197,214,239,254,251,251,248,254,208,132,139,139,142,137,126,137,145,143,139,176,217,238,120,149,154,141,205,254,73,84,79,64,157,254,205,210,228,254,196,117,163,158,160,176,110,0,130,134,150,165,89,0,134,132,140,162,94,0
2,222,236,229,254,247,139,89,88,93,108,52,0,194,198,218,254,241,185,249,254,243,152,125,135,158,149,126,111,173,215,155,152,188,211,9,52,133,124,131,247,167,0,94,92,106,159,94,0,214,229,227,160,199,254,161,177,161,0,2,110,111,185,182,0,113,236,139,177,171,63,119,254
2,168,180,221,253,224,254,34,38,35,28,27,0,221,188,172,191,247,254,233,254,245,235,252,173,173,178,167,144,126,142,135,164,135,116,197,158,2,88,197,254,167,95,17,27,21,11,25,0,221,210,216,235,247,254,215,254,230,196,229,126,116,98,173,247,198,254,172,147,185,222,171,254
2,167,173,182,175,185,254,0,17,25,22,49,110,142,134,149,171,202,254,241,254,237,239,210,44,159,136,119,107,95,106,120,166,157,224,233,163,138,174,182,169,194,254,0,20,39,56,97,151,217,209,215,241,254,206,183,196,188,201,175,0,100,101,145,163,167,254,134,128,134,121,136,254
2,207,218,212,204,238,254,45,33,25,33,24,0,205,218,238,254,241,209,239,226,231,254,165,21,134,130,135,135,137,149,133,139,190,16,174,10,205,210,168,183,176,0,32,19,18,39,32,0,227,240,248,247,254,250,166,154,168,192,120,0,154,166,158,138,187,254,168,174,161,139,184,254
2,203,226,223,217,244,254,1,4,0,11,59,33,137,141,161,195,236,254,254,237,233,226,187,154,166,146,129,115,95,115,155,120,138,188,197,227,154,168,154,155,229,254,26,31,20,55,202,254,204,213,242,254,205,173,172,160,173,166,73,0,100,144,187,173,63,0,122,140,168,156,60,0
2,168,172,175,172,183,254,48,68,73,82,93,0,148,153,174,215,254,218,249,254,238,244,248,45,155,139,125,101,91,195,180,185,167,209,7,47,137,174,182,190,238,254,19,50,67,90,110,0,188,183,188,199,215,254,222,225,199,198,199,0,86,117,160,165,161,254,112,118,140,142,143,254
2,158,163,180,198,184,254,0,10,18,11,11,69,157,150,154,171,192,254,212,239,240,230,254,113,148,152,148,134,125,101,108,146,144,128,210,77,97,127,162,180,171,254,0,16,36,39,47,170,206,202,201,223,254,181,201,245,254,228,237,153,120,95,135,198,164,254,152,124,129,158,138,254
2,183,197,217,217,228,254,36,51,25,6,42,0,168,172,186,210,240,254,240,243,246,254,201,112,150,147,138,128,120,145,124,110,110,128,171,208,138,156,152,128,194,254,56,75,71,42,154,254,201,201,215,254,211,127,155,151,151,167,102,0,36,141,234,254,151,124,123,151,155,164,200,254
2,171,177,177,168,178,254,0,11,26,67,130,250,128,135,149,170,198,254,199,192,184,191,189,0,137,132,124,108,98,153,131,143,168,219,227,102,164,167,161,161,181,254,39,51,86,139,182,254,206,213,213,225,254,212,162,163,171,179,163,0,105,139,148,137,169,254,127,126,112,104,124,254
2,176,178,198,203,204,254,0,18,29,24,41,104,164,161,170,187,215,254,232,254,238,244,230,80,148,148,141,142,118,38,140,200,162,176,216,66,119,129,148,141,152,254,0,29,42,65,90,51,228,219,224,246,254,211,149,162,152,166,153,0,122,120,135,128,138,254,128,121,131,120,130,254
2,204,213,239,248,231,254,0,7,33,45,60,83,156,151,155,179,220,254,245,251,246,222,242,254,149,150,129,114,97,92,146,204,199,177,4,82,78,109,185,193,181,254,0,17,46,66,101,135,227,217,216,227,238,254,207,254,243,208,234,237,78,0,110,251,234,202,174,0,68,230,156,124
2,220,226,249,254,241,253,0,10,15,10,35,124,184,191,198,210,230,254,247,254,246,235,220,193,143,141,139,134,118,91,145,162,169,190,228,254,162,192,229,250,254,241,51,62,78,69,95,254,240,238,238,254,251,178,238,251,254,240,217,190,101,96,123,145,167,254,134,133,124,150,151,0
2,176,187,200,204,217,254,0,0,6,6,34,97,172,175,176,184,210,254,238,240,245,254,229,148,145,146,140,145,115,25,141,154,183,238,249,170,117,127,139,133,159,254,0,1,8,34,48,8,236,238,235,254,246,171,140,138,137,161,137,0,131,130,132,114,137,254,137,138,139,120,140,254
2,222,231,240,254,241,231,9,5,3,0,5,22,244,248,250,249,252,254,254,252,248,236,210,191,161,168,172,168,154,140,129,160,171,199,248,39,190,209,240,254,230,190,8,5,3,0,10,46,246,250,251,254,253,253,241,254,232,220,214,223,228,210,206,225,235,254,215,209,254,252,227,197
2,230,241,245,254,238,220,5,0,0,9,18,32,234,237,235,234,242,254,250,254,245,233,209,171,168,173,175,170,152,149,147,165,210,240,20,51,214,225,240,254,226,230,5,0,2,9,21,26,250,254,251,250,250,249,231,239,254,241,216,219,199,193,169,194,254,248,186,187,179,185,196,254
2,198,210,220,231,254,227,17,9,0,10,14,23,244,237,229,216,223,254,242,253,254,241,224,208,175,178,178,180,159,135,141,151,175,240,234,71,171,189,196,233,254,219,18,7,0,10,14,70,231,231,229,221,229,254,159,161,165,166,151,0,185,194,187,157,254,199,221,235,219,222,254,121
2,206,218,237,254,249,225,14,4,0,10,18,46,237,234,221,214,224,254,234,254,250,240,222,186,169,188,188,173,151,131,154,161,189,233,10,69,178,197,221,254,239,216,14,3,0,8,21,56,247,248,242,238,241,254,215,239,254,240,238,162,187,169,152,165,213,254,240,247,231,246,227,254
2,216,221,228,241,254,237,9,2,0,7,12,21,232,229,224,219,231,254,249,254,248,238,220,195,177,178,180,176,149,132,141,153,189,212,252,32,202,207,217,251,254,232,7,0,0,5,12,25,240,241,237,236,245,254,232,236,254,227,210,175,184,172,158,163,225,254,223,225,199,238,237,254
2,219,226,229,244,254,239,4,0,1,6,10,23,215,219,225,229,237,254,254,253,245,233,216,183,167,160,161,157,143,132,147,170,209,232,2,63,204,209,218,247,254,247,3,0,3,7,13,25,229,233,236,241,247,254,242,250,254,223,208,149,199,201,177,188,229,254,209,205,206,229,225,254
2,224,228,237,246,254,247,14,7,2,0,7,45,194,201,205,206,214,254,252,254,248,237,199,66,149,152,155,158,147,182,138,160,184,209,23,67,216,219,232,249,254,241,42,37,34,32,37,0,232,240,246,250,254,224,172,172,167,160,156,254,253,225,199,191,254,210,152,156,161,164,166,254
2,191,200,236,245,240,254,0,28,19,0,5,15,188,180,183,199,235,254,231,243,254,246,216,189,172,171,164,145,133,126,158,163,121,164,220,4,173,202,243,245,244,254,4,25,10,0,14,73,193,185,198,212,233,254,244,254,222,218,186,33,132,155,193,219,204,254,122,168,254,247,247,185
3,0,6,16,25,42,57,254,245,234,226,209,193,247,249,251,252,252,254,219,234,240,254,221,224,189,211,231,4,42,52,236,212,129,140,19,1,0,3,10,18,26,40,254,246,239,232,216,203,0,37,79,115,181,240,141,206,209,235,208,254,19,0,11,18,60,38,175,107,119,70,90,0
3,194,204,221,243,254,213,49,47,53,0,63,250,102,79,67,0,30,150,139,139,138,125,61,0,142,143,146,135,130,162,120,122,119,146,201,213,137,149,165,163,209,254,38,34,30,0,79,233,254,226,222,153,150,212,134,134,119,141,100,0,112,97,142,40,0,123,126,129,147,119,155,254
3,195,201,215,230,254,195,39,28,28,0,85,223,130,117,119,87,186,254,139,138,131,137,74,0,140,139,140,124,174,245,113,117,134,133,206,248,138,143,161,155,230,254,52,41,44,11,113,254,253,248,254,252,248,153,133,129,121,123,79,0,130,136,140,162,81,0,145,159,165,155,155,254
3,183,202,216,218,254,174,51,37,23,25,0,71,45,48,46,63,0,196,141,143,146,128,167,0,133,132,134,128,141,89,98,101,113,123,147,120,179,202,211,222,254,213,49,35,24,28,0,86,198,224,240,247,254,242,186,181,180,171,0,232,132,135,135,117,180,0,124,128,130,117,184,0
3,174,197,220,239,253,254,68,45,26,21,0,111,99,95,93,97,78,254,138,141,140,130,142,0,131,130,130,124,135,43,110,109,118,124,137,134,152,163,174,190,188,254,68,49,34,34,0,217,138,162,183,198,212,254,216,233,214,149,73,0,113,117,112,127,155,0,126,126,128,128,156,0
3,152,155,161,163,158,254,98,95,90,93,101,0,131,138,138,150,176,0,137,138,133,134,141,0,127,129,124,130,150,237,98,98,116,115,90,168,154,152,166,187,192,254,28,18,16,12,0,54,205,218,227,239,254,228,204,206,198,147,42,0,126,128,121,138,183,0,115,115,109,124,158,0
3,210,223,232,243,254,240,42,31,21,12,0,45,59,54,58,66,0,240,150,150,144,132,161,0,133,131,130,127,143,78,101,108,116,129,139,207,182,189,196,205,205,254,49,39,33,29,0,118,200,217,234,251,254,204,216,190,158,98,62,0,122,129,130,131,154,0,129,133,134,133,175,0
3,175,191,210,238,254,207,46,33,26,0,15,200,23,31,47,65,98,254,148,150,143,146,119,0,131,128,125,128,121,92,106,109,114,132,146,109,138,144,162,171,194,254,41,29,21,0,16,160,154,167,189,211,232,254,254,232,187,113,96,119,117,123,149,185,177,254,124,130,136,157,127,0
3,153,155,164,172,172,254,62,46,38,22,0,153,32,29,25,46,101,0,228,246,254,231,170,223,146,150,138,134,157,155,9,3,47,78,78,128,152,147,158,173,173,254,51,36,25,12,0,85,155,163,177,194,207,254,239,254,244,194,106,177,115,125,144,176,226,254,129,133,132,141,160,0
3,201,218,231,245,254,226,54,37,26,15,0,61,90,83,84,76,59,254,142,147,144,144,150,0,133,133,129,128,133,51,103,107,115,124,136,179,175,183,195,203,196,254,57,41,36,22,0,169,183,202,216,231,245,254,235,254,238,165,70,89,120,121,115,126,147,0,128,131,129,140,157,0
3,146,148,154,149,166,254,59,48,37,37,25,0,108,105,97,106,94,0,137,135,141,126,135,254,135,136,128,143,125,229,111,109,131,99,147,251,187,198,206,232,254,206,40,24,20,0,5,144,210,204,188,215,254,197,146,144,141,138,112,0,114,118,124,123,145,254,124,128,121,147,137,0
3,204,219,230,224,254,184,58,44,28,26,0,87,122,105,70,46,0,73,149,149,150,133,162,0,138,139,140,129,153,58,90,97,111,124,150,130,191,208,218,221,254,243,61,46,30,28,0,91,248,254,243,223,206,197,254,230,193,163,12,200,103,47,10,23,107,0,128,133,137,128,177,0
3,198,224,243,254,241,174,52,37,19,0,10,90,88,86,91,77,101,254,141,144,137,143,115,0,132,131,128,128,116,91,109,109,115,129,147,164,187,208,221,216,223,254,52,36,24,0,31,213,164,200,240,254,248,244,154,150,135,131,101,0,121,129,131,124,108,0,124,134,137,151,123,0
3,195,200,214,218,242,254,74,49,27,15,0,51,109,83,55,50,0,197,175,183,185,166,181,0,151,150,145,132,143,60,66,75,92,128,142,241,166,167,175,179,195,254,79,57,36,32,0,117,204,193,183,176,170,254,182,188,180,159,142,0,47,0,23,74,209,103,145,149,156,144,202,0
3,195,202,215,230,242,254,67,50,34,24,0,34,110,96,68,69,11,254,160,159,157,136,174,0,135,134,135,122,147,44,79,88,99,114,136,162,162,166,173,191,177,254,73,58,42,36,0,94,180,183,181,191,192,254,254,247,200,161,52,243,94,72,90,110,207,0,126,125,135,131,188,0
3,188,200,216,254,252,188,46,29,21,0,33,124,112,106,106,83,135,254,147,151,147,161,100,0,136,138,135,138,119,107,105,107,120,122,162,217,150,157,173,186,233,254,53,37,36,0,67,221,195,199,205,211,238,254,145,149,146,147,90,0,123,124,119,140,119,0,133,136,127,168,109,0
3,191,212,227,238,254,243,66,49,35,25,0,81,93,72,59,61,1,254,162,167,163,149,177,0,141,140,138,132,127,124,87,89,102,128,126,244,157,170,178,187,175,254,70,54,40,35,0,131,189,198,207,216,220,254,160,157,149,134,152,0,0,48,110,124,254,75,135,150,153,146,201,0
3,191,208,223,237,254,225,43,31,19,0,26,108,122,116,120,101,139,254,137,139,133,146,98,0,132,133,129,138,111,66,113,115,121,124,148,177,143,151,161,157,208,254,58,45,41,6,76,254,217,222,233,226,237,254,254,236,214,116,132,182,121,126,124,136,99,0,126,130,126,147,98,0
3,160,179,210,241,254,232,70,52,39,0,66,254,100,113,118,119,110,254,150,158,157,163,116,0,130,133,134,137,128,137,101,97,102,117,136,102,131,139,170,194,228,254,64,47,32,0,44,190,150,170,192,202,221,254,206,219,214,162,212,0,141,143,138,131,151,254,127,135,136,177,50,0
3,169,172,188,216,254,220,87,73,53,37,0,66,73,72,65,71,0,171,156,188,233,251,254,146,135,146,163,176,146,198,75,49,24,23,102,102,167,162,174,196,254,167,81,68,49,32,0,39,151,168,201,239,248,254,150,172,210,210,216,0,121,151,138,90,102,0,130,130,129,144,132,254
3,192,196,218,216,254,145,34,22,4,0,19,35,26,0,1,46,75,11,225,235,229,187,153,0,141,137,108,108,113,206,9,5,25,101,134,14,155,176,184,176,239,254,32,16,0,4,22,50,118,90,127,185,230,254,249,254,228,223,158,62,36,22,95,71,80,0,51,64,73,0,85,127
3,200,216,238,254,246,92,91,85,79,77,87,254,120,116,105,109,123,254,170,171,162,150,132,0,138,141,136,130,115,152,88,91,108,129,136,194,179,198,220,225,254,177,36,19,4,0,17,249,183,189,190,195,208,254,149,149,142,135,113,0,132,101,100,131,179,0,124,125,128,128,135,0
3,195,203,210,230,249,254,45,30,19,10,15,0,159,164,163,153,121,0,242,245,252,240,169,0,149,149,171,179,193,21,243,5,21,73,201,186,157,159,166,185,214,254,36,22,10,0,5,18,229,243,250,254,230,208,221,226,245,219,159,0,153,146,107,87,64,0,120,113,113,130,141,254
3,175,207,219,244,254,197,55,39,18,0,3,19,110,97,85,73,70,0,167,178,183,171,147,0,155,155,150,139,126,242,80,73,79,111,160,237,162,202,218,244,250,254,54,35,16,0,3,47,254,207,152,114,73,18,236,247,245,205,159,0,79,77,67,51,72,254,0,59,139,179,173,208
3,185,209,230,254,248,131,55,31,15,6,0,110,112,132,147,154,152,254,235,240,219,183,153,254,149,144,146,141,133,236,9,26,76,150,251,35,175,197,225,254,247,32,43,20,6,0,17,137,170,209,237,254,248,135,155,153,146,134,122,0,144,150,140,141,137,0,122,125,128,131,133,254
3,163,184,198,206,228,254,51,31,13,0,6,240,37,0,5,15,28,167,153,160,159,153,141,0,137,136,133,132,127,64,96,96,100,115,133,142,148,175,187,190,217,254,47,27,9,0,5,137,153,162,186,209,221,254,217,235,218,201,166,254,121,121,129,128,123,0,120,120,125,125,128,0
3,160,182,211,234,254,209,74,55,29,8,0,27,110,109,107,96,72,0,182,202,213,205,174,0,160,168,171,165,146,0,52,41,48,82,151,254,151,178,212,237,252,254,70,50,27,6,0,18,166,207,251,254,202,97,223,249,254,237,196,36,217,214,166,86,0,142,79,108,155,182,190,254
3,129,149,161,174,216,254,93,82,68,50,33,0,213,208,222,236,245,254,179,202,218,232,224,254,147,141,140,156,174,236,49,29,21,23,65,116,62,89,101,118,189,254,87,73,56,37,21,0,188,196,211,228,246,254,178,197,201,216,215,254,50,141,226,221,212,254,74,77,101,105,130,254
3,170,187,201,214,237,254,50,33,18,17,0,196,11,0,3,5,11,227,227,225,192,158,181,254,168,166,153,151,209,28,245,2,86,147,81,192,175,199,219,237,254,247,33,13,0,1,2,158,58,71,98,109,83,254,150,143,137,129,136,0,107,126,132,117,43,0,121,124,124,126,138,254
3,212,215,216,229,254,81,42,32,28,28,31,254,123,118,117,121,135,254,177,169,159,145,122,0,142,137,135,135,133,125,79,95,117,139,178,109,220,219,219,236,254,125,30,21,16,15,17,254,203,201,202,214,236,254,170,162,155,131,105,0,117,122,131,161,169,0,123,124,124,133,133,0
4,79,64,34,7,0,24,138,122,104,80,46,0,146,117,90,62,36,0,2,2,3,0,1,1,161,161,159,152,151,139,239,218,202,154,119,118,90,82,63,38,19,0,132,116,96,67,35,0,123,134,151,177,214,254,18,15,1,0,11,10,78,114,178,105,0,88,4,2,18,9,0,8
4,0,20,79,138,145,146,122,101,77,52,27,0,66,40,13,2,4,0,9,0,7,20,28,44,132,131,118,113,118,120,199,165,143,152,174,203,42,51,74,83,59,0,112,90,67,44,22,0,126,148,177,208,233,254,8,0,11,16,12,26,54,53,0,23,62,61,2,10,0,10,34,42
4,119,119,116,116,122,254,57,42,38,28,28,0,109,99,96,94,91,0,84,107,118,126,127,254,134,139,143,121,123,144,45,90,103,131,137,208,62,43,36,13,0,5,27,8,0,1,5,81,252,254,238,214,184,144,79,95,100,118,127,254,118,139,140,151,123,254,26,54,95,107,110,254
4,119,127,128,80,144,254,42,25,22,0,69,168,70,53,38,0,85,228,102,116,131,114,172,254,126,132,127,166,69,222,63,86,125,103,246,188,86,76,54,29,0,23,23,4,0,2,26,75,248,254,235,204,165,140,0,50,97,91,88,207,108,124,151,235,128,0,53,75,102,127,189,254
4,100,136,137,114,0,47,63,44,30,35,0,37,91,71,53,62,22,0,58,81,112,123,141,0,135,138,142,148,126,99,221,10,93,100,3,110,92,88,61,39,0,15,38,14,0,3,8,46,235,254,241,209,178,163,28,42,80,91,210,254,59,83,180,171,254,251,0,38,99,129,59,74
4,121,125,134,105,166,254,57,33,32,0,98,235,91,68,54,19,118,254,113,116,122,110,175,254,134,136,136,135,127,148,75,85,107,120,138,206,91,79,57,43,0,8,36,13,3,0,18,73,248,254,232,197,170,159,14,53,47,69,131,254,117,122,120,162,53,0,69,65,83,103,168,254
4,29,0,19,93,115,148,106,83,56,25,0,0,96,73,64,40,4,0,4,0,11,28,53,116,171,163,138,149,136,118,144,75,37,82,200,18,77,55,52,55,34,0,99,76,50,23,4,0,147,176,224,254,253,237,5,0,17,37,59,87,163,149,64,0,46,78,16,0,18,20,16,109
4,130,190,254,187,187,134,168,99,177,254,54,30,254,169,216,211,170,91,133,98,110,189,0,57,218,71,38,204,49,192,66,253,190,220,179,143,180,223,254,213,132,81,239,254,198,187,164,127,147,195,254,221,146,113,226,108,162,254,181,168,0,60,79,247,212,164,254,186,197,108,103,102
4,55,77,136,197,106,0,101,89,66,52,32,0,115,112,97,81,60,0,73,75,115,148,96,0,160,131,136,162,186,168,229,157,165,219,108,60,92,91,85,73,37,0,83,59,31,11,0,11,187,225,254,245,205,178,0,8,92,105,81,239,132,104,110,102,148,254,82,103,121,134,75,0
4,46,15,0,57,111,167,116,97,68,37,8,0,115,90,72,68,32,0,29,26,16,0,75,114,165,169,141,126,138,162,197,114,53,41,179,247,103,88,72,58,31,0,108,88,61,32,8,0,144,163,201,240,254,239,21,8,0,20,76,98,168,137,145,0,8,148,37,31,23,0,40,116
4,96,113,127,128,70,0,56,36,22,23,6,0,91,71,46,31,10,0,37,47,95,137,135,0,152,155,153,151,202,78,118,182,17,86,130,21,83,81,71,59,28,0,36,16,1,0,0,10,238,254,252,231,199,176,0,21,76,111,120,169,119,97,137,150,182,254,0,24,60,115,85,11
4,0,28,176,186,149,139,103,76,44,17,0,1,160,141,85,45,11,0,37,0,26,59,85,124,152,135,157,169,163,186,156,97,135,191,11,87,64,60,78,63,28,0,99,73,45,20,2,0,179,207,238,254,250,226,0,8,10,27,60,100,136,17,110,96,168,254,33,0,35,57,77,116
4,114,111,136,129,82,254,116,104,87,63,72,0,125,117,100,90,104,0,93,81,109,122,19,254,179,144,163,123,38,146,22,197,154,14,49,131,109,101,97,51,15,0,104,79,45,21,0,36,163,199,245,254,233,169,75,63,89,112,0,229,138,116,167,132,199,254,61,61,80,65,0,148
4,125,110,82,30,76,254,11,5,13,0,38,153,42,19,15,0,68,242,116,125,135,120,156,254,139,143,132,146,104,7,95,117,143,114,193,163,72,59,39,21,0,17,7,0,3,8,27,79,254,234,204,181,154,131,0,47,108,89,49,194,126,139,138,169,128,0,71,94,110,123,176,254
4,102,108,128,104,68,254,99,88,75,74,74,0,116,116,104,104,107,0,91,89,111,116,104,254,135,134,117,173,224,6,21,0,69,32,255,167,92,80,60,31,2,0,60,37,19,4,0,42,218,248,254,237,207,146,80,85,110,107,91,254,129,112,122,181,254,239,17,0,24,78,108,144
4,28,36,46,83,62,0,77,56,36,36,0,15,85,70,61,54,0,31,0,28,59,122,93,150,202,191,158,151,170,242,54,71,147,209,101,101,68,67,66,63,41,0,58,37,21,7,0,5,207,234,254,245,221,199,0,23,38,64,80,76,149,131,112,126,254,251,0,13,50,61,75,165
4,61,45,39,65,130,0,109,88,57,30,15,0,102,93,78,77,56,0,8,0,7,33,65,191,141,146,148,160,166,36,68,255,204,26,199,90,101,92,74,59,46,0,102,79,51,24,8,0,153,185,226,254,247,212,9,0,12,14,78,97,135,117,143,112,94,254,3,0,11,22,39,126
4,9,37,68,163,205,254,0,120,158,158,123,136,0,89,170,193,154,158,0,97,160,127,126,138,45,225,116,93,119,110,85,183,193,109,111,124,0,72,125,159,171,175,0,109,145,153,156,150,184,61,90,181,217,254,254,223,168,140,132,131,254,156,15,0,82,109,164,254,214,151,138,139
4,23,0,63,122,174,210,0,33,108,137,140,116,0,15,106,164,172,131,254,3,7,200,125,133,48,215,10,84,86,117,170,241,127,234,109,111,0,24,87,131,161,168,0,58,117,133,137,136,254,163,105,131,179,197,244,254,227,207,147,129,201,206,88,0,53,118,53,125,254,229,145,136
4,111,251,191,218,254,150,78,132,84,128,143,254,101,210,202,216,220,254,247,254,150,142,134,132,72,47,131,108,112,141,31,94,227,149,140,134,0,79,145,176,198,187,0,77,120,140,138,131,171,169,203,221,254,231,21,144,254,144,135,137,58,0,81,62,114,150,198,254,187,148,133,125
4,198,137,54,58,254,201,29,0,110,224,154,131,48,27,152,254,134,113,99,94,182,254,182,137,145,77,2,198,38,120,77,119,2,227,226,219,89,28,0,33,103,144,4,0,15,60,118,137,78,59,174,254,140,120,43,0,62,189,237,171,120,170,74,0,150,141,54,121,217,254,210,175
4,89,83,82,63,47,0,48,32,23,5,0,122,69,54,29,0,4,105,88,115,128,154,125,0,141,150,174,132,164,92,130,234,15,75,180,79,52,40,38,16,0,15,34,18,9,3,0,57,254,214,165,174,157,181,85,99,105,108,109,254,126,130,131,162,139,0,50,78,88,108,228,0
4,134,138,129,111,126,254,66,49,30,14,0,40,124,103,64,27,0,136,0,60,134,196,88,56,157,254,8,201,29,114,223,180,181,252,254,116,125,116,99,82,58,0,49,32,17,11,0,72,254,238,192,173,137,107,91,101,112,99,89,254,92,141,149,169,235,254,73,76,75,144,254,179
4,95,83,80,101,97,0,49,35,21,15,0,2,95,85,65,41,19,0,5,42,120,188,248,254,205,225,26,143,217,28,232,175,23,109,112,101,20,0,5,49,2,3,40,27,13,7,0,12,210,171,110,33,0,72,67,80,98,101,102,254,184,142,101,73,254,61,70,51,83,115,139,0
4,114,113,110,116,123,254,77,57,37,18,0,84,109,89,62,41,26,254,98,117,131,147,174,0,143,166,180,170,237,151,111,116,156,245,47,231,40,31,23,33,0,2,59,38,18,9,0,27,254,206,138,58,60,92,0,26,49,83,9,122,130,128,134,122,111,0,94,98,99,106,168,254
4,87,89,102,102,80,0,54,33,15,7,0,15,93,76,50,36,27,0,14,64,136,254,227,174,155,232,230,195,159,26,71,182,203,29,64,202,96,95,98,89,70,0,42,22,6,0,7,22,254,218,91,15,76,216,77,89,105,122,97,254,125,113,69,182,254,105,11,26,39,105,137,0
4,92,110,115,99,0,178,57,20,5,1,0,103,90,52,37,31,0,57,73,116,162,163,254,18,145,133,165,166,165,115,165,247,246,117,186,192,75,79,75,61,0,43,41,13,0,2,10,86,254,250,247,210,193,153,28,63,108,134,192,254,113,113,95,171,254,222,15,0,67,66,93,148
4,113,104,68,254,59,100,40,28,0,76,137,132,38,6,15,254,50,126,133,148,208,254,109,132,140,137,163,108,126,112,39,85,154,233,46,122,88,71,0,11,63,90,13,8,0,69,137,133,129,145,120,114,0,83,94,106,94,254,113,144,112,157,254,218,71,73,85,123,126,254,148,135
4,95,101,99,89,46,0,65,35,11,4,0,38,93,72,52,32,0,43,83,99,133,131,0,194,155,152,178,179,220,39,51,34,203,61,169,237,71,60,47,32,0,5,52,29,13,4,0,28,154,175,141,101,22,0,66,75,89,92,74,254,133,135,152,211,254,126,63,37,86,149,254,96
4,76,76,86,95,91,0,58,45,28,10,0,43,79,73,66,57,43,0,6,75,119,177,242,0,180,156,129,188,215,223,82,137,170,50,243,166,14,24,29,26,7,0,42,27,11,2,0,32,85,64,89,81,137,254,98,104,111,113,118,254,163,135,111,108,194,0,80,83,93,103,131,0
5,208,217,228,225,254,245,136,142,151,160,205,254,116,121,135,155,189,254,145,155,161,169,171,254,127,124,122,113,129,33,127,132,126,165,184,118,186,192,201,200,254,248,132,136,142,155,178,254,134,130,136,117,72,0,150,156,159,189,206,254,109,113,115,97,118,0,121,120,122,98,104,0
5,132,137,144,140,202,0,131,132,139,168,219,254,58,72,130,145,254,221,130,130,131,130,152,0,129,128,129,133,117,194,126,124,131,130,188,76,134,141,150,163,254,69,130,133,147,176,254,85,104,121,114,39,0,177,137,141,155,170,179,0,116,123,95,56,59,254,121,121,108,97,72,254
5,47,0,61,129,155,228,47,74,93,99,192,254,116,58,0,36,153,147,64,68,27,0,0,6,98,100,73,63,139,167,86,113,92,123,142,147,4,0,59,108,161,243,39,65,77,90,192,254,169,32,0,105,85,38,149,121,2,0,113,174,24,0,32,83,39,34,74,70,85,62,20,0
5,147,155,165,173,189,254,138,145,142,175,210,0,106,114,111,137,166,0,132,138,139,161,170,0,138,135,133,118,97,125,140,151,192,209,203,79,159,173,181,216,254,145,145,158,171,212,254,138,72,76,62,58,69,0,144,149,169,169,153,254,112,107,84,91,121,0,110,106,90,90,98,0
5,139,163,182,199,209,254,135,138,140,148,164,254,129,145,163,189,200,254,209,155,165,91,232,0,83,95,97,122,123,241,127,62,110,133,55,95,142,162,178,173,254,27,135,141,149,163,206,254,131,159,192,204,244,0,134,131,135,128,176,0,129,133,134,138,79,254,119,121,116,119,61,254
5,23,9,0,24,61,105,0,15,21,25,44,76,114,119,133,159,206,254,254,184,155,163,166,215,104,103,117,104,68,112,237,10,41,82,174,32,0,2,4,19,44,77,0,13,24,34,58,98,217,205,204,226,251,254,201,200,195,203,242,254,22,42,59,67,52,0,79,69,63,53,28,0
5,156,170,185,252,254,56,136,158,192,254,206,124,148,140,133,250,157,0,127,130,129,145,75,0,128,131,129,111,129,147,130,145,145,169,26,118,145,166,192,254,222,131,140,166,191,254,164,16,141,73,17,74,212,254,139,148,144,151,78,0,63,0,0,115,195,243,97,71,64,61,149,254
5,151,168,171,200,254,181,132,142,159,162,178,254,124,129,151,177,206,254,127,129,124,136,122,0,125,122,124,108,120,238,140,151,133,163,116,2,145,162,176,191,225,254,146,181,205,254,252,48,118,109,112,116,151,254,142,145,137,145,125,0,117,117,126,117,134,254,120,116,122,110,126,254
5,117,131,162,196,213,254,129,142,154,185,236,254,204,230,230,228,245,254,134,128,132,135,157,254,130,132,139,161,158,58,136,133,186,220,2,37,113,127,152,197,242,254,131,139,152,167,191,254,156,155,138,113,77,0,149,150,163,169,177,254,112,112,95,90,93,0,113,113,99,98,95,0
5,127,128,154,144,226,0,122,134,148,200,254,85,107,145,139,150,253,0,125,123,128,132,126,0,125,126,132,128,117,192,126,127,150,152,128,145,124,130,156,180,254,73,120,135,162,213,254,44,123,128,87,0,84,195,135,151,216,254,154,102,117,112,64,50,123,0,112,94,39,0,52,37
5,156,157,187,201,228,254,86,107,146,164,227,254,103,30,19,46,104,0,102,105,105,117,98,254,134,134,124,115,138,80,133,139,131,166,131,64,115,134,172,186,254,247,110,117,131,146,158,254,151,129,111,103,96,0,127,131,132,144,138,254,106,107,114,104,118,0,120,116,116,104,120,0
5,163,183,200,196,254,162,145,153,171,198,254,244,167,184,203,212,254,202,128,126,126,153,97,254,107,108,112,118,109,131,130,136,148,196,128,72,165,192,204,254,190,30,155,171,194,238,254,173,206,238,254,247,247,181,143,152,150,214,7,0,126,124,126,79,238,254,113,107,106,54,221,254
5,144,160,188,224,254,212,140,142,168,197,99,0,159,156,188,231,124,0,138,134,140,150,74,0,128,131,120,106,149,193,164,163,158,158,96,27,144,161,206,254,157,37,166,184,218,254,189,95,165,112,149,254,189,71,158,169,155,136,201,254,88,78,107,146,73,0,91,76,85,100,40,0
5,183,192,204,213,254,188,128,133,143,156,217,254,43,39,56,51,108,0,110,120,111,147,149,254,151,144,124,126,138,90,120,135,113,183,210,72,193,208,213,254,236,194,116,123,134,154,254,218,109,108,108,114,47,0,127,134,125,177,54,0,127,126,122,127,52,0,119,112,122,68,195,254
5,147,165,180,254,231,65,130,156,193,254,242,80,152,154,158,230,198,0,121,129,140,118,155,254,123,126,123,119,107,99,126,147,167,120,185,114,131,153,168,238,254,93,137,165,192,254,250,101,254,122,41,113,86,7,136,138,170,68,0,207,120,101,121,74,0,84,110,102,69,160,203,0
5,137,142,142,158,181,0,133,141,156,175,197,254,145,145,140,137,162,254,129,129,124,128,145,0,126,130,133,127,114,144,130,143,142,153,187,93,147,162,178,214,254,47,136,152,170,204,254,112,172,135,84,40,19,254,166,182,197,206,223,0,117,106,99,98,102,254,119,111,108,98,81,254
5,101,170,182,203,230,254,115,138,158,194,250,254,138,201,212,211,230,254,195,178,172,175,173,254,115,130,144,177,179,14,135,157,253,77,247,216,100,147,167,205,254,251,120,137,152,171,188,254,162,217,184,128,103,0,149,156,165,173,161,254,115,117,99,89,121,0,120,113,100,91,107,0
5,132,135,147,66,0,58,67,78,55,10,0,11,106,114,74,12,0,18,182,128,52,36,6,0,46,54,94,138,139,90,191,65,136,226,89,130,79,87,77,27,0,22,69,72,44,9,0,8,214,209,226,218,213,254,254,164,8,43,100,162,0,36,122,118,101,108,59,115,188,155,75,0
5,106,118,121,140,213,0,87,92,124,191,254,236,116,107,124,164,254,129,124,126,123,112,142,0,129,129,120,115,109,174,120,136,156,136,187,125,72,96,117,177,254,151,96,105,142,186,254,115,162,136,86,108,168,254,125,141,163,144,158,0,128,101,90,100,141,0,119,77,14,17,0,244
5,134,137,145,165,208,254,135,128,153,225,254,244,79,73,94,160,215,254,130,131,127,130,211,254,123,116,116,102,231,143,143,163,133,90,115,36,142,141,155,194,232,254,130,129,142,185,236,254,17,17,25,23,0,73,172,174,174,170,235,254,82,81,99,140,39,0,112,106,111,120,48,0
5,136,160,200,240,254,225,127,137,136,158,118,0,134,135,134,163,130,0,8,148,100,0,201,156,132,111,3,49,78,82,133,17,160,236,244,155,132,171,198,254,210,18,142,182,200,251,209,0,143,56,74,201,198,0,144,146,146,131,169,254,98,96,112,139,86,0,75,69,71,80,44,0
5,135,135,138,148,167,254,141,160,199,231,254,176,163,177,197,223,254,94,44,15,8,28,34,0,109,113,109,105,75,158,134,233,97,27,171,157,136,145,173,207,254,18,143,163,202,235,254,73,212,205,187,203,254,39,157,219,254,160,219,149,94,50,63,138,254,21,117,111,108,110,115,254
5,123,126,128,129,142,254,143,149,158,193,254,140,63,30,0,0,78,11,0,16,27,12,30,233,194,198,191,152,99,149,240,192,255,155,159,193,122,126,130,135,154,254,139,143,155,196,254,84,73,47,22,0,23,162,111,118,137,162,225,254,114,114,114,117,147,0,117,114,107,95,93,254
5,119,119,120,127,146,254,148,165,193,232,254,214,146,158,174,198,224,254,106,103,101,107,113,0,125,121,119,122,136,200,116,140,162,157,114,80,106,111,122,148,188,254,148,166,196,234,254,137,154,165,176,203,254,171,129,145,155,142,112,254,133,130,132,163,186,0,115,109,104,107,117,254
5,124,126,128,132,155,254,133,138,150,205,254,82,137,142,145,151,175,0,126,108,44,0,32,37,121,111,151,127,106,55,49,51,194,138,165,70,110,116,128,168,235,254,132,137,155,210,254,93,173,180,131,0,5,155,129,129,147,151,148,0,90,84,13,0,116,100,121,120,106,98,106,254
5,0,15,25,32,35,23,62,41,22,0,6,25,238,154,43,0,13,19,56,49,32,11,5,0,172,221,186,75,87,85,233,239,230,15,27,92,0,10,24,30,32,24,83,52,20,0,6,23,254,171,62,30,43,37,32,16,0,12,22,38,33,0,17,77,89,95,88,88,87,43,27,0
5,0,1,18,76,63,53,12,45,100,88,0,24,0,56,96,105,93,92,99,85,63,69,42,0,28,56,96,86,83,79,87,60,85,99,198,46,0,2,17,50,33,33,0,38,93,72,0,23,0,59,89,121,136,121,120,116,124,0,61,86,130,106,34,71,51,0,38,10,0,190,85,1
5,127,130,132,139,143,254,117,119,162,199,254,43,78,87,127,170,254,134,118,114,98,96,87,254,121,124,123,127,116,108,102,101,132,119,153,28,118,123,132,150,163,254,113,115,163,196,254,9,109,117,109,128,155,254,122,122,130,125,134,0,109,109,101,111,115,254,123,122,114,113,106,254
5,155,164,177,187,187,0,135,142,156,196,254,31,169,183,197,220,252,0,116,113,106,99,107,254,125,130,131,126,130,61,114,112,123,159,150,238,138,144,153,161,171,0,136,144,159,201,254,13,195,213,224,228,230,0,126,127,132,148,142,254,129,130,123,117,124,254,93,86,59,0,23,69
5,134,141,168,202,254,194,115,113,121,147,216,0,151,148,148,145,151,0,127,125,125,121,121,254,138,140,143,142,141,132,104,107,103,112,142,112,108,118,143,185,254,123,119,118,121,142,195,0,196,194,195,183,164,0,125,127,128,132,134,0,128,128,128,117,119,254,125,122,121,117,111,254
